-4.500000000000000000e+00 6.142728805113124163e-02 1.412179485669953771e-02 -1.658961858579089677e-01 -4.995493247325224484e-01 6.166530071579580385e-02 3.232207595474773099e-02 -1.931151186431214473e-01 -5.252640238667412032e-01
-4.366666666666666252e+00 5.697983964000599699e-02 1.711472518882863059e-02 -1.819808551144836417e-01 -5.283167926954176474e-01 5.641293922751287881e-02 2.560001859100444893e-02 -1.970684202274280428e-01 -5.346847775556463622e-01
-4.233333333333333393e+00 5.174964833889617727e-02 1.039620003432353834e-02 -1.756452829803509530e-01 -5.378703357671074103e-01 5.100627010278795115e-02 1.817278159647304700e-02 -2.010776027399757693e-01 -5.443939569800859690e-01
-4.099999999999999645e+00 4.606143862709458775e-02 1.517059768475527426e-03 -1.880084878078409072e-01 -5.382033786391066110e-01 4.539555489260702764e-02 1.003167694889762172e-02 -2.051359676136051691e-01 -5.544082761389674818e-01
-3.966666666666666785e+00 4.006104360872428383e-02 -6.329343034296294399e-03 -1.913773028299452228e-01 -5.490428062577550339e-01 3.952695026854011195e-02 1.166621242925669445e-03 -2.092345902907588873e-01 -5.647460598303947199e-01
-3.833333333333333481e+00 3.424784743255127745e-02 -1.075206428569298878e-02 -2.084134857100724825e-01 -5.624089843492207086e-01 3.334626829434036294e-02 -8.438592684693938667e-03 -2.133616088195477434e-01 -5.754274621851843685e-01
-3.700000000000000178e+00 2.758940098443469699e-02 -1.848827298367994310e-02 -2.123007477032696488e-01 -5.664990014946449381e-01 2.680092711110520012e-02 -1.880953284677039372e-02 -2.175012231003874696e-01 -5.864747231441772568e-01
-3.566666666666666430e+00 2.051916294522440620e-02 -2.917396682708344943e-02 -2.216197782893544743e-01 -5.840287712231759798e-01 1.984052895762064908e-02 -2.998347076928557439e-02 -2.216322498488670634e-01 -5.979124709190416498e-01
-3.433333333333333570e+00 1.339880731491507361e-02 -3.814533585711368802e-02 -2.248911723779612737e-01 -5.989958529178810442e-01 1.241663679113203661e-02 -4.201167091232752698e-02 -2.257259695266635724e-01 -6.097680805049910946e-01
-3.299999999999999822e+00 5.414064445148948634e-03 -4.993180890630218027e-02 -2.322258504868985052e-01 -6.133077400778716992e-01 4.482173270868371022e-03 -5.496253017426094845e-02 -2.297427933532499300e-01 -6.220721009449312611e-01
-3.166666666666666963e+00 -2.868206451877752111e-03 -6.290158418568697618e-02 -2.376066097208547057e-01 -6.313156195484982414e-01 -4.009323523256291995e-03 -6.892670814797420553e-02 -2.336268537223827046e-01 -6.348587674872621101e-01
-3.033333333333333215e+00 -1.192061522582880256e-02 -7.661739621203780826e-02 -2.435552502335101566e-01 -6.425764491760170838e-01 -1.310449692934296737e-02 -8.402618658222493764e-02 -2.372966824304392763e-01 -6.481666193277396681e-01
-2.899999999999999911e+00 -2.100068974203024574e-02 -9.202810222552451624e-02 -2.463320040195887406e-01 -6.560355612348417464e-01 -2.285102433294140464e-02 -1.004314019211560022e-01 -2.406278450887776310e-01 -6.620392496982703268e-01
-2.766666666666666607e+00 -3.094826771190101189e-02 -1.078333476177801287e-01 -2.511794081132565637e-01 -6.706878369501890758e-01 -3.329859482329503018e-02 -1.183969499750840843e-01 -2.434169833166512364e-01 -6.765262232667526021e-01
-2.633333333333333304e+00 -4.160517479584507905e-02 -1.261238826596467744e-01 -2.574981013025636201e-01 -6.891337655269457185e-01 -4.450014401207436077e-02 -1.383479396711102538e-01 -2.452950814106562571e-01 -6.916842070302274825e-01
-2.500000000000000000e+00 -5.299077903192198763e-02 -1.450222456664979620e-01 -2.586993084730774273e-01 -7.072464990900212412e-01 -5.651356394795623017e-02 -1.611467905440358561e-01 -2.454599786382635485e-01 -7.075783764438705603e-01
