-4.500000000000000000e+00 6.236993941731341223e-02 3.940658656199705345e-04 -1.481720335685392520e-01 -4.817479212078512596e-01 6.166530071579580385e-02 3.232207595474773099e-02 -1.931151186431214473e-01 -5.252640238667412032e-01
-4.476470588235294201e+00 6.117448145715413677e-02 1.390016783833837068e-02 -1.708928333931831189e-01 -4.940910578941524189e-01 6.074767971484774931e-02 3.118659053274596207e-02 -1.938084600639617683e-01 -5.269062441411271891e-01
-4.452941176470588402e+00 6.014813681735348139e-02 2.547771846611055976e-02 -1.763807299491308156e-01 -5.116012365520622440e-01 5.982635271197488808e-02 3.002944217594922041e-02 -1.945036764331646573e-01 -5.285570481682297928e-01
-4.429411764705882604e+00 5.914822722582885328e-02 2.830458331272134309e-02 -1.958101942634581094e-01 -5.175937862237806053e-01 5.890111095502472555e-02 2.885055067416926466e-02 -1.952007424465858898e-01 -5.302165181668136995e-01
-4.405882352941176805e+00 5.820280124638869956e-02 2.852619853839881078e-02 -1.958873795236578952e-01 -5.212941597561976392e-01 5.797173292491469149e-02 2.764984438199119196e-02 -1.958996314112984860e-01 -5.318847376292293871e-01
-4.382352941176471006e+00 5.697218031269380561e-02 2.746779705341927114e-02 -1.983002491661400024e-01 -5.230384330806546744e-01 5.703798531089809137e-02 2.642725914470454504e-02 -1.966003151824854689e-01 -5.335617913485627417e-01
-4.358823529411764319e+00 5.684230725961555986e-02 2.255499186522415267e-02 -1.927317458501013048e-01 -5.259443476739373846e-01 5.609962401889850847e-02 2.518273718724303376e-02 -1.973027640970177188e-01 -5.352477654464806722e-01
-4.335294117647058521e+00 5.587990246218631912e-02 2.198420354623717779e-02 -1.935576031781386097e-01 -5.242443088790035288e-01 5.515639519695521992e-02 2.391622598186760040e-02 -1.980069469035030394e-01 -5.369427474018484414e-01
-4.311764705882352722e+00 5.493419043840930271e-02 2.260892907911193905e-02 -1.958803769267019323e-01 -5.252386140394236236e-01 5.420803626284630139e-02 2.262767710928230078e-02 -1.987128306885798945e-01 -5.386468260800953978e-01
-4.288235294117646923e+00 5.405043814032817889e-02 2.047611940557965762e-02 -1.970121229062510859e-01 -5.254401521241537365e-01 5.325427692026794141e-02 2.131704512655537356e-02 -1.994203807992279698e-01 -5.403600917633791800e-01
-4.264705882352941124e+00 5.297082646099615655e-02 2.058098429720704031e-02 -1.986954441321067966e-01 -5.349022012735757947e-01 5.229484015145680759e-02 1.998428645367210030e-02 -2.001295607608175042e-01 -5.420826361815852534e-01
-4.241176470588235325e+00 5.178412068869715779e-02 1.958629070484141019e-02 -1.999075170265105506e-01 -5.363696381807206981e-01 5.132944317579585941e-02 1.862935828889264456e-02 -2.008403321906354344e-01 -5.438145525441482331e-01
-4.217647058823529527e+00 5.070857644876385073e-02 1.832097996401566009e-02 -1.991055212153974296e-01 -5.428616612077694636e-01 5.035779836564393402e-02 1.725221756134512688e-02 -2.015526547065674412e-01 -5.455559355727725990e-01
-4.194117647058823728e+00 5.024707355160253075e-02 1.712507433332864301e-02 -2.023405290584440741e-01 -5.351525360136579756e-01 4.937961411234532971e-02 1.585281992756013003e-02 -2.022664858306295332e-01 -5.473068815350320415e-01
-4.170588235294117929e+00 4.916394821085073863e-02 1.571366156037998230e-02 -2.029758361114072929e-01 -5.400613014565349701e-01 4.839459563702822736e-02 1.443111881696759052e-02 -2.029817808869838480e-01 -5.490674882789091660e-01
-4.147058823529412130e+00 4.817608477931530769e-02 1.446904397765562747e-02 -2.037752883254160541e-01 -5.478358995542212950e-01 4.740244574235585873e-02 1.298706452978226102e-02 -2.036984928940592521e-01 -5.508378552683208529e-01
-4.123529411764705443e+00 4.714244776634751721e-02 1.261239851311014154e-02 -2.042882463731455767e-01 -5.485949111311289039e-01 4.640286550284185296e-02 1.152060338925080252e-02 -2.044165724503757275e-01 -5.526180836195841994e-01
-4.099999999999999645e+00 4.608088725890809728e-02 1.154273365410980745e-02 -2.052429870662699218e-01 -5.511744440115352583e-01 4.539555489260702764e-02 1.003167694889762172e-02 -2.051359676136051691e-01 -5.544082761389674818e-01
-4.076470588235293846e+00 4.528244508083099917e-02 9.474854121535345591e-03 -2.028836524644821171e-01 -5.530147217067229448e-01 4.438021335059551264e-02 8.520221254258898355e-03 -2.058566237724124004e-01 -5.562085373612704053e-01
-4.052941176470588047e+00 4.424061222357696110e-02 8.308710672082008503e-03 -2.067406457168348699e-01 -5.503418499949813691e-01 4.335654028421446343e-02 6.986166157587267271e-03 -2.065784835105226869e-01 -5.580189735895072500e-01
-4.029411764705882248e+00 4.340084272097619739e-02 4.510257248375910272e-03 -2.087004146636865509e-01 -5.522722028994667687e-01 4.232423551315624838e-02 5.429434683173311668e-03 -2.073014864624644071e-01 -5.598396929357269958e-01
-4.005882352941176450e+00 4.228961031894495903e-02 3.508017814234862253e-03 -2.083759155868147028e-01 -5.485353845018237084e-01 4.128299965579840941e-02 3.849942440244338241e-03 -2.080255691603548895e-01 -5.616708053630110609e-01
-3.982352941176470651e+00 4.121601650917486315e-02 3.641818126966480523e-03 -2.086595877005338329e-01 -5.547980753771268869e-01 4.023253446106198755e-02 2.247597079855348946e-03 -2.087506648710556190e-01 -5.635124227286717469e-01
-3.958823529411764852e+00 4.009684178935691429e-02 1.718198791476083231e-03 -2.076846197511326153e-01 -5.642089380210558724e-01 3.917254308896567921e-02 6.222977917751049614e-04 -2.094767034229610136e-01 -5.653646588287193353e-01
-3.935294117647059053e+00 3.928422816232089720e-02 3.023345795946132120e-04 -2.103259452833064480e-01 -5.613428695143681812e-01 3.810273034334475672e-02 -1.026065162941799643e-03 -2.102036110216089493e-01 -5.672276294436228161e-01
-3.911764705882352811e+00 3.819343094939937205e-02 -1.821206552445192584e-03 -2.095383415617665113e-01 -5.635428848515728895e-01 3.702280286034218687e-02 -2.697610888206899114e-03 -2.109313100532319296e-01 -5.691014523854034390e-01
-3.888235294117647012e+00 3.695624865008939608e-02 -3.045661312627002265e-03 -2.132565149670825333e-01 -5.631236489926403355e-01 3.593246925631986971e-02 -4.392468262620748999e-03 -2.116597188752923631e-01 -5.709862475461346953e-01
-3.864705882352941213e+00 3.598440719537145810e-02 -4.703843714498608802e-03 -2.133963944708014149e-01 -5.612148335983648817e-01 3.483144023881325213e-02 -6.110776327374393274e-03 -2.123887515929338832e-01 -5.728821369478745984e-01
-3.841176470588235414e+00 3.500188345524368749e-02 -6.411214268502121727e-03 -2.137962724393445701e-01 -5.698077848505204157e-01 3.371942868406789529e-02 -7.852684657060116785e-03 -2.131183178201929984e-01 -5.747892447940776695e-01
-3.817647058823529171e+00 3.375518112663335180e-02 -7.984007625107987505e-03 -2.168283393753793753e-01 -5.707859918133538768e-01 3.259614968456284873e-02 -9.618353718106075964e-03 -2.138483224246992276e-01 -5.767076975225635671e-01
-3.794117647058823373e+00 3.247958888556649881e-02 -9.548363723120699420e-03 -2.184419770094305768e-01 -5.587286792292430748e-01 3.146132056976187752e-02 -1.140795521950993541e-02 -2.145786652544527662e-01 -5.786376238600817734e-01
-3.770588235294117574e+00 3.153198836248639891e-02 -1.712469526130192335e-02 -2.030844733358168064e-01 -5.665456557602701615e-01 3.031466090314203707e-02 -1.322167246050411950e-02 -2.153092408451375561e-01 -5.805791548785124156e-01
-3.747058823529411775e+00 3.043433011635818600e-02 -1.863258157288720865e-02 -2.042399512587199650e-01 -5.755967694202164253e-01 2.915589245834279350e-02 -1.505970067974089083e-02 -2.160399381062678426e-01 -5.825324240528051423e-01
-3.723529411764705976e+00 2.923840544427782143e-02 -1.888300622376842125e-02 -2.069283508409300032e-01 -5.785101457663175406e-01 2.798473917706183547e-02 -1.692224741054459622e-02 -2.167706399842624643e-01 -5.844975673206819211e-01
-3.700000000000000178e+00 2.781103782041141267e-02 -2.135953117466216772e-02 -2.136992915007909499e-01 -5.743665628003737922e-01 2.680092711110520012e-02 -1.880953284677039372e-02 -2.175012231003874696e-01 -5.864747231441772568e-01
-3.676470588235294379e+00 2.682249353449552703e-02 -1.986190046254900435e-02 -2.149887372182572864e-01 -5.713569597404462019e-01 2.560418435077902247e-02 -2.072179022381559488e-02 -2.182315573612159387e-01 -5.884640325730942090e-01
-3.652941176470588136e+00 2.552478695399749281e-02 -2.296867725146138975e-02 -2.220110487797015975e-01 -5.672395249651247529e-01 2.439424094159916429e-02 -2.265926621937125809e-02 -2.189615055390580212e-01 -5.904656393104381618e-01
-3.629411764705882337e+00 2.455482556734455910e-02 -2.345413766870548325e-02 -2.160554235208110574e-01 -5.797597101828297905e-01 2.317082879108510116e-02 -2.462222137859543247e-02 -2.196909228194830754e-01 -5.924796897798927375e-01
-3.605882352941176539e+00 2.333677042910313471e-02 -2.427289867956827427e-02 -2.217169147600465962e-01 -5.779300825428533850e-01 2.193368156720896731e-02 -2.661093056851576710e-02 -2.204196563127417408e-01 -5.945063331954414387e-01
-3.582352941176470740e+00 2.187637267624828463e-02 -2.749162021148491425e-02 -2.195744827661818555e-01 -5.914339964001389394e-01 2.068253458988652399e-02 -2.862568346666148275e-02 -2.211475445255247363e-01 -5.965457216331728763e-01
-3.558823529411764497e+00 2.095386193131152167e-02 -3.200683030631547993e-02 -2.179233635018030801e-01 -5.852770068719738150e-01 1.941712471671750914e-02 -3.066678508917601922e-02 -2.218744167890624730e-01 -5.985980101054064750e-01
-3.535294117647058698e+00 1.989887387046455208e-02 -3.000636478673907384e-02 -2.233180690699647919e-01 -5.931125920343671698e-01 1.813719022402241962e-02 -3.273455636398471535e-02 -2.226000926390906964e-01 -6.006633566371624156e-01
-3.511764705882352899e+00 1.824192998838760141e-02 -3.208463888883738430e-02 -2.231192666375244327e-01 -5.979079189815739159e-01 1.684247068407252954e-02 -3.482933475499724180e-02 -2.233243811426581238e-01 -6.027419223451375707e-01
-3.488235294117647101e+00 1.668043972138272615e-02 -3.419461904572698718e-02 -2.253733647300770748e-01 -5.897830626705556911e-01 1.553270683926822812e-02 -3.695147494381848668e-02 -2.240470801661000599e-01 -6.048338715192165260e-01
-3.464705882352941302e+00 1.590799572597319245e-02 -3.636992031865057817e-02 -2.263616428726009655e-01 -5.976598296135782196e-01 1.420764047389431149e-02 -3.910134957604717576e-02 -2.247679755778046184e-01 -6.069393717066443594e-01
-3.441176470588235503e+00 1.421728696305035386e-02 -3.886233797129071132e-02 -2.281902282407339277e-01 -6.017720390666702057e-01 1.286701428396154132e-02 -4.127935007996339639e-02 -2.254868403785237896e-01 -6.090585937989929644e-01
-3.417647058823529704e+00 1.301776241025057873e-02 -4.055305674905997082e-02 -2.304620875793422785e-01 -6.003803145050312651e-01 1.151057174553784743e-02 -4.348588756626443202e-02 -2.262034337510479831e-01 -6.111917121219696547e-01
-3.394117647058823461e+00 1.167871596229834094e-02 -4.207266004736717746e-02 -2.296492599665374279e-01 -6.037962024655362248e-01 1.013805698187401211e-02 -4.572139381854022078e-02 -2.269175000199137315e-01 -6.133389045282297003e-01
-3.370588235294117663e+00 1.045129638225015048e-02 -4.439546011682031501e-02 -2.315274170339913784e-01 -6.074653539953160930e-01 8.749214629535061183e-03 -4.798632238538676209e-02 -2.276287675105460595e-01 -6.155003524932889380e-01
-3.347058823529411864e+00 9.204083133130341876e-03 -4.627872117845676508e-02 -2.314978693978277380e-01 -6.135898574558402707e-01 7.343789703671986871e-03 -5.028114978649053657e-02 -2.283369472956776058e-01 -6.176762412146630243e-01
-3.323529411764705621e+00 7.369974378068116366e-03 -5.104594859631697568e-02 -2.306423392819480500e-01 -6.162986266609907782e-01 5.921527462485041797e-03 -5.260637684672080788e-02 -2.290417318151712067e-01 -6.198667597143764363e-01
-3.299999999999999822e+00 5.975654375350070852e-03 -5.093430617759844153e-02 -2.319796641936171522e-01 -6.117733086274588228e-01 4.482173270868371022e-03 -5.496253017426094845e-02 -2.297427933532499300e-01 -6.220721009449312611e-01
-3.276470588235294024e+00 4.641937623199605262e-03 -5.387391047167438413e-02 -2.326257073170742151e-01 -6.053810291253823861e-01 3.025472463150152749e-03 -5.735016380120032398e-02 -2.304397823547313373e-01 -6.242924618989633689e-01
-3.252941176470588225e+00 3.217476282169798307e-03 -5.620008811996764220e-02 -2.331458125422065653e-01 -6.064130932102530513e-01 1.551170204793081518e-03 -5.976986100781753186e-02 -2.311323255589767811e-01 -6.265280437226297128e-01
-3.229411764705882426e+00 1.819248709058345764e-03 -5.915812511898529275e-02 -2.343356394526473208e-01 -6.104877127368878442e-01 5.901135285144536299e-05 -6.222223635515337914e-02 -2.318200239268455864e-01 -6.287790518329656742e-01
-3.205882352941176627e+00 4.211112067357553057e-04 -6.103281212793841559e-02 -2.354169790319775579e-01 -6.108593423075582285e-01 -1.451259685062323375e-03 -6.470793795446566632e-02 -2.325024503319050306e-01 -6.310456960393318049e-01
-3.182352941176470829e+00 -8.408754040337904079e-04 -6.277202876417972699e-02 -2.374693560232541689e-01 -6.292839174603318542e-01 -2.979899093613649214e-03 -6.722765000696209747e-02 -2.331791469822916130e-01 -6.333281906691361485e-01
-3.158823529411765030e+00 -2.742346262999496853e-03 -6.545240481383954312e-02 -2.373876462355779260e-01 -6.253483258152555679e-01 -4.527163794734509819e-03 -6.978209565296129846e-02 -2.338496225338170809e-01 -6.356267546980034489e-01
-3.135294117647058787e+00 -3.927646258213759317e-03 -6.756961300312994134e-02 -2.371802193738954956e-01 -6.371062897604321540e-01 -6.093311595176701886e-03 -7.237204017658815935e-02 -2.345133488479224371e-01 -6.379416118846006345e-01
-3.111764705882352988e+00 -5.930152337085662501e-03 -6.981336530023513065e-02 -2.384431991027460285e-01 -6.364939667449454053e-01 -7.678601337084321569e-03 -7.499829462052778895e-02 -2.351697573395918339e-01 -6.402729909102631289e-01
-3.088235294117647189e+00 -7.256107926494156923e-03 -7.236850545259575218e-02 -2.372246040997076921e-01 -6.394598401329220083e-01 -9.283293052094876777e-03 -7.766171987561942824e-02 -2.358182348500742209e-01 -6.426211255237026521e-01
-3.064705882352940947e+00 -8.535735423737624006e-03 -7.537916287713408714e-02 -2.398644779750001566e-01 -6.317006545403720530e-01 -1.090764811953334398e-02 -8.036323132262049307e-02 -2.364581189666285499e-01 -6.449862546909528316e-01
-3.041176470588235148e+00 -9.781989875326784628e-03 -7.756851177926454843e-02 -2.454917039095809161e-01 -6.273155215869781198e-01 -1.255192942930707413e-02 -8.310380411890462560e-02 -2.370886926960477925e-01 -6.473686227508096414e-01
-3.017647058823529349e+00 -1.179399223189602983e-02 -7.991116617680622813e-02 -2.430373189424513691e-01 -6.370136148044759361e-01 -1.421640155018291489e-02 -8.588447924196110361e-02 -2.377091783795581559e-01 -6.497684795760014786e-01
-2.994117647058823550e+00 -1.355299939076774068e-02 -8.213745264604305207e-02 -2.433053914215737024e-01 -6.464537829780224731e-01 -1.590133090417298820e-02 -8.870637042533612016e-02 -2.383187307128531718e-01 -6.521860807403371263e-01
-2.970588235294117752e+00 -1.546327718043954622e-02 -8.508067648446056286e-02 -2.418081527333953984e-01 -6.516330129351476375e-01 -1.760698594782978202e-02 -9.157067215245118241e-02 -2.389164287051885882e-01 -6.546216876920996075e-01
-2.947058823529411953e+00 -1.697247842378538443e-02 -8.837539731600912996e-02 -2.429217908809169213e-01 -6.537806814718863935e-01 -1.933363736131632135e-02 -9.447866891131233291e-02 -2.395012663738004532e-01 -6.570755679339677080e-01
-2.923529411764706154e+00 -1.858732579352878264e-02 -9.109495092787758819e-02 -2.444724427199519434e-01 -6.489667777199150667e-01 -2.108155824619233412e-02 -9.743174596089278217e-02 -2.400721419220937236e-01 -6.595479952097553777e-01
-2.899999999999999911e+00 -1.981668294202490466e-02 -9.332141161175187827e-02 -2.456002724782956614e-01 -6.523639619658466726e-01 -2.285102433294140464e-02 -1.004314019211560022e-01 -2.406278450887776310e-01 -6.620392496982703268e-01
-2.876470588235294112e+00 -2.194765589690578916e-02 -9.675962728868886531e-02 -2.440436363323462421e-01 -6.515934002172183437e-01 -2.464231419935025355e-02 -1.034792635777138231e-01 -2.411670422760147370e-01 -6.645496182146364283e-01
-2.852941176470588314e+00 -2.373591757195060714e-02 -1.000587010726228798e-01 -2.487378967996108081e-01 -6.540696005996655682e-01 -2.645570950095280441e-02 -1.065771033951457281e-01 -2.416882589615444998e-01 -6.670793944194054470e-01
-2.829411764705882071e+00 -2.548514069176465932e-02 -1.011186630591284497e-01 -2.483826251315405242e-01 -6.637078712630264388e-01 -2.829149521485159816e-02 -1.097268603685663813e-01 -2.421898587640604061e-01 -6.696288790358283505e-01
-2.805882352941176272e+00 -2.738165141070132702e-02 -1.041151427219760145e-01 -2.494953941365909422e-01 -6.680289941843942092e-01 -3.014995989836224619e-02 -1.129306650233524167e-01 -2.426700183507113362e-01 -6.721983800756538008e-01
-2.782352941176470473e+00 -2.876605781189242941e-02 -1.067006666695344969e-01 -2.514718304640128910e-01 -6.711308093009428211e-01 -3.203139596404091377e-02 -1.161908696154607401e-01 -2.431266971329326676e-01 -6.747882130738892537e-01
-2.758823529411764675e+00 -3.079320768722949159e-02 -1.097242564507372453e-01 -2.530650690199289787e-01 -6.691418408385788608e-01 -3.393609997281475665e-02 -1.195100849149492023e-01 -2.435576003665165523e-01 -6.773987013329104689e-01
-2.735294117647058876e+00 -3.211205841233578939e-02 -1.133790881928408989e-01 -2.509035957524212712e-01 -6.740354458391670800e-01 -3.586437294709242385e-02 -1.228912254109144342e-01 -2.439601338160665711e-01 -6.800301761763781760e-01
-2.711764705882353077e+00 -3.423224531007376670e-02 -1.160206531496901644e-01 -2.510097415530604392e-01 -6.739950835568379039e-01 -3.781652070590671433e-02 -1.263375654138400306e-01 -2.443313475060384932e-01 -6.826829772134629382e-01
-2.688235294117647278e+00 -3.587818696626928622e-02 -1.189304543060170360e-01 -2.526414934767426956e-01 -6.718699180358457257e-01 -3.979285422435488440e-02 -1.298528094385146270e-01 -2.446678651732117904e-01 -6.853574526138335177e-01
-2.664705882352941479e+00 -3.814601108303716098e-02 -1.242114018972497458e-01 -2.535885869743643717e-01 -6.795027658125697423e-01 -4.179369001981679543e-02 -1.334411815638262833e-01 -2.449657947220833243e-01 -6.880539593939802856e-01
-2.641176470588235237e+00 -3.997127413053361278e-02 -1.256385814000730849e-01 -2.566986103533517305e-01 -6.815681435596180338e-01 -4.381935056769167836e-02 -1.371075404037721268e-01 -2.452206130463983336e-01 -6.907728637154048057e-01
-2.617647058823529438e+00 -4.174401984774685909e-02 -1.294078351565771667e-01 -2.553832987435352142e-01 -6.872141966670436419e-01 -4.587016474966648660e-02 -1.408575292467307838e-01 -2.454270156570601547e-01 -6.935145411952734484e-01
-2.594117647058823639e+00 -4.386418526108030319e-02 -1.326711738811911234e-01 -2.559262481370076503e-01 -6.909053789122776568e-01 -4.794646833786132822e-02 -1.446977754357081092e-01 -2.455787170407000564e-01 -6.962793772301772988e-01
-2.570588235294117396e+00 -4.576758004108349986e-02 -1.350700118960896090e-01 -2.580033318266971021e-01 -6.927037960540752826e-01 -5.004860451854224040e-02 -1.486361602321023823e-01 -2.456681805029997390e-01 -6.990677673336537223e-01
-2.547058823529411598e+00 -4.776990018524386594e-02 -1.380548736797148623e-01 -2.563878357079268366e-01 -6.969470811316442749e-01 -5.217692445950072866e-02 -1.526821921487679645e-01 -2.456862445072640067e-01 -7.018801174881570404e-01
-2.523529411764705799e+00 -4.959023330140671648e-02 -1.421630190652350412e-01 -2.577383110656142340e-01 -6.989530310709427541e-01 -5.433178792565697413e-02 -1.568475366705400220e-01 -2.456215925858892257e-01 -7.047168445122651281e-01
-2.500000000000000000e+00 -5.199427466465166708e-02 -1.471394364864479776e-01 -2.596222889141755474e-01 -7.034430758625825897e-01 -5.651356394795623017e-02 -1.611467905440358561e-01 -2.454599786382635485e-01 -7.075783764438705603e-01
