-4.500000000000000000e+00 6.138006830946080711e-02 2.171861208287816786e-02 -1.942739172010990722e-01 -4.671969357871543216e-01 6.166530071579580385e-02 3.232207595474773099e-02 -1.931151186431214473e-01 -5.252640238667412032e-01
-4.484251968503937036e+00 6.125819218180745401e-02 2.875576935319251737e-02 -2.007572444553254454e-01 -4.649585498285864205e-01 6.105154520731687073e-02 3.156449863622143998e-02 -1.935789573462061708e-01 -5.263622017068112502e-01
-4.468503937007874072e+00 6.067558799655899809e-02 3.192116051312595543e-02 -2.007591356079260203e-01 -5.073979485320257998e-01 6.043615947507858382e-02 3.079722998789522631e-02 -1.940436395774031431e-01 -5.274642125645907509e-01
-4.452755905511811108e+00 6.042642486669679708e-02 3.095085308007730976e-02 -1.953495434251613094e-01 -5.169009706434487539e-01 5.981908291746601547e-02 3.002024459393178371e-02 -1.945091579513107405e-01 -5.285700809030564606e-01
-4.437007874015748143e+00 5.990999854681787473e-02 3.027608556201712153e-02 -1.954626926709677193e-01 -5.272064266370011243e-01 5.920025224576051098e-02 2.923351889516092456e-02 -1.949755048119412582e-01 -5.296798314372097582e-01
-4.421259842519685179e+00 5.946577831737963338e-02 2.950933014623982609e-02 -1.961871242290072759e-01 -5.269364844029658101e-01 5.857960161002292304e-02 2.843703105034313741e-02 -1.954426722245918013e-01 -5.307934891376404618e-01
-4.405511811023622215e+00 5.871994039591971193e-02 2.879100945113747048e-02 -1.966621837657576144e-01 -5.292846463139123658e-01 5.795706272942979798e-02 2.763076079264838864e-02 -1.959106519674427282e-01 -5.319110792341550376e-01
-4.389763779527559251e+00 5.800738581228281898e-02 2.782930119024126792e-02 -1.959880254246416098e-01 -5.319554088494322652e-01 5.733256502605189181e-02 2.681468928234500768e-02 -1.963794355228614952e-01 -5.330326272194654269e-01
-4.374015748031496287e+00 5.730273898805427618e-02 2.692736788592174635e-02 -1.966219840413360453e-01 -5.300026999775753200e-01 5.670603576109071314e-02 2.598879895667306761e-02 -1.968490140683993028e-01 -5.341581588529674685e-01
-4.358267716535433323e+00 5.659573299704108440e-02 2.653397288415453720e-02 -1.977974180570361284e-01 -5.319284118516486304e-01 5.607740017261673288e-02 2.515307337784140895e-02 -1.973193784674768525e-01 -5.352877001645390820e-01
-4.342519685039370358e+00 5.615107301906092918e-02 2.561002379035459686e-02 -1.970867861282233346e-01 -5.237155693878041696e-01 5.544658161390016854e-02 2.430749708004578333e-02 -1.977905192597285144e-01 -5.364212774584548038e-01
-4.326771653543307394e+00 5.571530595841945460e-02 2.317937759846407791e-02 -1.972468975335570085e-01 -5.329357703217333375e-01 5.481350169147093665e-02 2.345205541635555710e-02 -1.982624266510167321e-01 -5.375589173173435098e-01
-4.311023622047244430e+00 5.498076440707198864e-02 2.316078333196612896e-02 -1.951039189482400293e-01 -5.343012234408734962e-01 5.417808040210521370e-02 2.258673440625738951e-02 -1.987350905030752790e-01 -5.387006466062216337e-01
-4.295275590551181466e+00 5.432161403108604070e-02 2.101139990779082173e-02 -1.965668348362602513e-01 -5.326892683908288628e-01 5.354023626799057911e-02 2.171152058458323056e-02 -1.992085003227822559e-01 -5.398464924766103179e-01
-4.279527559055118502e+00 5.367250765466118068e-02 1.960281525253170995e-02 -1.981755941000372667e-01 -5.348363720329915028e-01 5.289988646939777772e-02 2.082640085248388048e-02 -1.996826452510444272e-01 -5.409964823707072989e-01
-4.263779527559055538e+00 5.295616923869733705e-02 1.955384707050759896e-02 -1.988162921384558912e-01 -5.371078331301732955e-01 5.225694697424486390e-02 1.993136233103834018e-02 -2.001575140512723283e-01 -5.421506440256573800e-01
-4.248031496062992574e+00 5.215979617162219695e-02 2.023367717894002452e-02 -2.013617765185576336e-01 -5.368390204852018233e-01 5.161133266401291692e-02 1.902639221802191263e-02 -2.006330950974219152e-01 -5.433090054778817457e-01
-4.232283464566929609e+00 5.152931466984606024e-02 1.933795818067499117e-02 -2.013045708282716062e-01 -5.336546347673249979e-01 5.096295745554784568e-02 1.811147764828498208e-02 -2.011093763616084440e-01 -5.444715950674992033e-01
-4.216535433070865757e+00 5.094207710461026717e-02 1.830164830874578957e-02 -2.024413140086695206e-01 -5.348907137134801815e-01 5.031173441833686200e-02 1.718660555812063714e-02 -2.015863454012376266e-01 -5.456384414428225860e-01
-4.200787401574802793e+00 5.027049522784550473e-02 1.684486594512987767e-02 -2.008281297599276150e-01 -5.294530028827886259e-01 4.965757588693174573e-02 1.625176255393894972e-02 -2.020639893456609160e-01 -5.468095735649372013e-01
-4.185039370078739829e+00 4.989940942321523243e-02 1.644472055206970540e-02 -2.020961633469078311e-01 -5.347345792074821302e-01 4.900039356824284487e-02 1.530693478549365223e-02 -2.025422948823234759e-01 -5.479850207123736494e-01
-4.169291338582676865e+00 4.928086767784203154e-02 1.548510759593920566e-02 -2.022443010347503012e-01 -5.475009508946260262e-01 4.834009864349623348e-02 1.435210782384763531e-02 -2.030212482423769393e-01 -5.491648124858480307e-01
-4.153543307086613900e+00 4.848111707148970717e-02 1.449771206965590198e-02 -2.029639078271565644e-01 -5.489512993209617608e-01 4.767660186469935280e-02 1.338726654420283393e-02 -2.035008351857376108e-01 -5.503489788131158411e-01
-4.137795275590550936e+00 4.778218905099589076e-02 1.294964768887610709e-02 -2.031766152034022999e-01 -5.464486592926919295e-01 4.700981364551792829e-02 1.241239501366918005e-02 -2.039810409855678242e-01 -5.515375499538963666e-01
-4.122047244094487972e+00 4.711104078933362610e-02 1.263127350656650591e-02 -2.039874434158803762e-01 -5.479523262585540566e-01 4.633964414651375874e-02 1.142747638399016497e-02 -2.044618504121420710e-01 -5.527305565048943325e-01
-4.106299212598425008e+00 4.659243978091571342e-02 1.058842652259493408e-02 -2.058353817957326304e-01 -5.504986775537674681e-01 4.566600335473940814e-02 1.043249278920260238e-02 -2.049432477160805233e-01 -5.539280294049235831e-01
-4.090551181102362044e+00 4.582993343089891009e-02 9.588239652760208870e-03 -2.053068092676103851e-01 -5.474163750241596293e-01 4.498880115772312810e-02 9.427425248160824917e-03 -2.054252166109133415e-01 -5.551299999401191343e-01
-4.074803149606299080e+00 4.518497561886125613e-02 8.604833727232460983e-03 -2.051396805041491023e-01 -5.474709853410256732e-01 4.430794741191942249e-02 8.412253571821343492e-03 -2.059077402549407687e-01 -5.563364997492523667e-01
-4.059055118110236116e+00 4.464053515664889726e-02 8.727656346969661638e-03 -2.055311299570299621e-01 -5.424587907641486018e-01 4.362335200572502181e-02 7.386956275150395601e-03 -2.063908012323679431e-01 -5.575475608291420304e-01
-4.043307086614173151e+00 4.394360751363945994e-02 7.571928781907790590e-03 -2.059433121495668484e-01 -5.441931872423850791e-01 4.293492491719112097e-02 6.351510493484583374e-03 -2.068743815336617220e-01 -5.587632155401810463e-01
-4.027559055118110187e+00 4.316097745678976888e-02 6.592440681340332870e-03 -2.087792611839304757e-01 -5.469781843009915434e-01 4.224257626658652065e-02 5.305891903155043887e-03 -2.073584625351025112e-01 -5.599834966119499047e-01
-4.011811023622047223e+00 4.236847102191682035e-02 5.562828090515108126e-03 -2.084952668891980054e-01 -5.512348215569705667e-01 4.154621636398041218e-02 4.250074646156370983e-03 -2.078430249774853300e-01 -5.612084371489554080e-01
-3.996062992125984259e+00 4.146197570751287975e-02 5.120994759969833832e-03 -2.163864394212888509e-01 -5.450533817767622136e-01 4.084575575203771430e-02 3.184031258634887739e-03 -2.083280489439326977e-01 -5.624380706364752180e-01
-3.980314960629921295e+00 4.112031630189301457e-02 1.402449158324423073e-03 -2.150607523634742169e-01 -5.453140604958447435e-01 4.014110524422123683e-02 2.107732602942146913e-03 -2.088135138367685217e-01 -5.636724309465028782e-01
-3.964566929133858331e+00 4.052777913828500833e-02 2.498133042092492290e-03 -2.183662526099538204e-01 -5.524268656086838147e-01 3.943217595861496505e-02 1.021147803001984811e-03 -2.092993983534096047e-01 -5.649115523438323905e-01
-3.948818897637795367e+00 3.987718486282101210e-02 1.357274463480086235e-03 -2.141146761633217210e-01 -5.487848972318898344e-01 3.871887934757804739e-02 -7.575581728301057768e-05 -2.097856804612155956e-01 -5.661554694922392716e-01
-3.933070866141732402e+00 3.910074362492386990e-02 3.773005604931350954e-04 -2.096625231956724122e-01 -5.486798345335524019e-01 3.800112722345306421e-02 -1.183012792854580813e-03 -2.102723373712587773e-01 -5.674042174607931699e-01
-3.917322834645669438e+00 3.845352372625757825e-02 -6.361514944828519647e-04 -2.118704553387077416e-01 -5.481875213234640443e-01 3.727883178054648694e-02 -2.300659573835519937e-03 -2.107593455109347813e-01 -5.686578317302909413e-01
-3.901574803149606474e+00 3.768076663649036484e-02 -1.807914027920146105e-03 -2.123273170373267960e-01 -5.527289400258525998e-01 3.655190561360093654e-02 -3.428734579658979358e-03 -2.112466804953747057e-01 -5.699163481998230640e-01
-3.885826771653543510e+00 3.684862552594649066e-02 -2.465217891704875319e-03 -2.127105999102483214e-01 -5.527688038047887664e-01 3.582026173297754579e-02 -4.567278251278242274e-03 -2.117343170975788669e-01 -5.711798031934622877e-01
-3.870078740157480546e+00 3.624831856807070318e-02 -3.863427390692489652e-03 -2.131244284085788698e-01 -5.671321522246900448e-01 3.508381357676147727e-02 -5.716333101738317948e-03 -2.122222292172053215e-01 -5.724482334670846218e-01
-3.854330708661417582e+00 3.547869115756353831e-02 -5.194638484996173117e-03 -2.129294558109676716e-01 -5.711952576634299339e-01 3.434247502000080388e-02 -6.875943765396842940e-03 -2.127103898479492383e-01 -5.737216762153274363e-01
-3.838582677165354617e+00 3.466212199349871098e-02 -6.102861074694319529e-03 -2.122358138452489773e-01 -5.703586511729837882e-01 3.359616038127831439e-02 -8.046157046075115907e-03 -2.131987710434184446e-01 -5.750001690786999964e-01
-3.822834645669291209e+00 3.387851405168239988e-02 -6.991814262680803166e-03 -2.139303384205810121e-01 -5.679712958315242810e-01 3.284478442681584842e-02 -9.227021964422502109e-03 -2.136873438814365089e-01 -5.762837501508100146e-01
-3.807086614173228245e+00 3.297117362218232595e-02 -7.934995390561944140e-03 -2.140969125008884977e-01 -5.749290523096336480e-01 3.208826237229719935e-02 -1.041858980477381770e-02 -2.141760784266710793e-01 -5.775724579857578478e-01
-3.791338582677165281e+00 3.249052216165514151e-02 -1.213300877693653489e-02 -2.142154787606573019e-01 -5.759898705984123346e-01 3.132650988259028796e-02 -1.162091416177533573e-02 -2.146649436915084030e-01 -5.788663316056731345e-01
-3.775590551181102317e+00 3.173611158214887512e-02 -1.110775784667820433e-02 -2.155793865894493344e-01 -5.762569603341387570e-01 3.055944306954012923e-02 -1.283405098706027862e-02 -2.151539075950504587e-01 -5.801654105084056434e-01
-3.759842519685039353e+00 3.110734837784688220e-02 -1.209200943178586132e-02 -2.166245065346742715e-01 -5.749512505189875444e-01 2.978697848799728362e-02 -1.405805863624117087e-02 -2.156429369201445789e-01 -5.814697346753598950e-01
-3.744094488188976388e+00 3.034447343152819887e-02 -1.340581243065555248e-02 -2.161807506475991458e-01 -5.753171063544363362e-01 2.900903313023396601e-02 -1.529299791650001739e-02 -2.161319972683206914e-01 -5.827793445795174110e-01
-3.728346456692913424e+00 2.957418609916866864e-02 -1.444332646011253427e-02 -2.159539481497501634e-01 -5.742709338601665880e-01 2.822552441889445568e-02 -1.653893213504164378e-02 -2.166210530125101397e-01 -5.840942811935911916e-01
-3.712598425196850460e+00 2.885709900460977501e-02 -1.582757075034067762e-02 -2.175535090986540909e-01 -5.827997920602983051e-01 2.743637019861613208e-02 -1.779592714868876921e-02 -2.171100672474163829e-01 -5.854145859983783673e-01
-3.696850393700787496e+00 2.801286885970313487e-02 -1.778748906299700006e-02 -2.172038096074970226e-01 -5.856456486653613958e-01 2.664148872644887811e-02 -1.906405141488924995e-02 -2.175990017373930496e-01 -5.867403009912504075e-01
-3.681102362204724532e+00 2.710427519547493544e-02 -1.827387539840712172e-02 -2.182915113156635445e-01 -5.819290789190588731e-01 2.584079866119260230e-02 -2.034337604441108574e-02 -2.180878168616704749e-01 -5.880714686948667058e-01
-3.665354330708661568e+00 2.628858377426451440e-02 -2.459443397066431516e-02 -2.132543046907343920e-01 -5.672599060371528168e-01 2.503421905176251780e-02 -2.163397485600634593e-02 -2.185764715567752037e-01 -5.894081321660185058e-01
-3.649606299212598159e+00 2.551927648334253659e-02 -2.087038552738904734e-02 -2.216070729810621365e-01 -5.726493080269402514e-01 2.422166932468549846e-02 -2.293592443332463648e-02 -2.190649232559571669e-01 -5.907503350046965362e-01
-3.633858267716535195e+00 2.474555888631661468e-02 -2.197253556879794414e-02 -2.207113122540619587e-01 -5.769711411531066592e-01 2.340306927082320965e-02 -2.424930418436552909e-02 -2.195531278254309326e-01 -5.920981213633231821e-01
-3.618110236220472231e+00 2.405453433835529412e-02 -2.427052006991287439e-02 -2.184614571094870283e-01 -5.827412634387227897e-01 2.257833903140760504e-02 -2.557419640376511899e-02 -2.200410394972400208e-01 -5.934515359562020365e-01
-3.602362204724409267e+00 2.310696797941315037e-02 -2.446531904586611225e-02 -2.212659228908361031e-01 -5.847831397361545891e-01 2.174739908346896844e-02 -2.691068633822279316e-02 -2.205286107985023059e-01 -5.948106240691428681e-01
-3.586614173228346303e+00 2.241908822300078818e-02 -2.574915455394560446e-02 -2.232823788919446606e-01 -5.895365386927723383e-01 2.091017022473117340e-02 -2.825886225537963328e-02 -2.210157924768173798e-01 -5.961754315693126305e-01
-3.570866141732283339e+00 2.144299305451435878e-02 -2.682682931574933288e-02 -2.223745873657033967e-01 -5.935042888957866580e-01 2.006657355803691603e-02 -2.961881551647998351e-02 -2.215025334215592889e-01 -5.975460049152780950e-01
-3.555118110236220375e+00 2.068582041919670572e-02 -2.815689592878352007e-02 -2.235684078972466626e-01 -5.956530099110284304e-01 1.921653047536730011e-02 -3.099064065315382602e-02 -2.219887805807932990e-01 -5.989223911672774125e-01
-3.539370078740157410e+00 1.975056699849608507e-02 -2.953396901435612412e-02 -2.236921308012800313e-01 -5.980138833277826027e-01 1.835996264150542220e-02 -3.237443544868111311e-02 -2.224744788735032730e-01 -6.003046379977026170e-01
-3.523622047244094446e+00 1.917975461777797139e-02 -3.105071432345454796e-02 -2.239029077899692410e-01 -5.983298371742756805e-01 1.749679197739526307e-02 -3.377030102411435197e-02 -2.229595710968118039e-01 -6.016927937018184958e-01
-3.507874015748031482e+00 1.824622356012134752e-02 -3.255370798312287595e-02 -2.209902956409688923e-01 -5.986534541594028536e-01 1.662694064323657836e-02 -3.517834192965862972e-02 -2.234439978278299765e-01 -6.030869072086962879e-01
-3.492125984251968518e+00 1.742067773669857614e-02 -3.388925483453718995e-02 -2.238291127703656014e-01 -5.998877861905917985e-01 1.575033102135509067e-02 -3.659866624173480076e-02 -2.239276973197636134e-01 -6.044870280924030670e-01
-3.476377952755905554e+00 1.661353162328525063e-02 -3.569498136457262966e-02 -2.234539002265628349e-01 -6.032813881301407610e-01 1.486688569888038568e-02 -3.803138566617726007e-02 -2.244106053918600296e-01 -6.058932065834239378e-01
-3.460629921259842590e+00 1.568976847179126902e-02 -3.672260044558128822e-02 -2.249619060486971467e-01 -6.058390359366260247e-01 1.397652745025868004e-02 -3.947661564804904460e-02 -2.248926553127302275e-01 -6.073054935803350318e-01
-3.444881889763779625e+00 1.485946208125380613e-02 -3.898747911662164140e-02 -2.266378830582595205e-01 -6.046944515786855101e-01 1.307917921962800135e-02 -4.093447548859725782e-02 -2.253737776765727674e-01 -6.087239406617448445e-01
-3.429133858267716661e+00 1.394148963581100589e-02 -3.904897030417654735e-02 -2.266358098511923325e-01 -6.001111615961086665e-01 1.217476410306987146e-02 -4.240508846990537900e-02 -2.258539002717522559e-01 -6.101486000984789326e-01
-3.413385826771653697e+00 1.325101938298152773e-02 -4.063269521728328504e-02 -2.262770729498442823e-01 -6.023342333962988793e-01 1.126320533076205499e-02 -4.388858198784667541e-02 -2.263329479411506917e-01 -6.115795248660482741e-01
-3.397637795275590733e+00 1.220407328410766379e-02 -4.197380355181482003e-02 -2.294811523317952517e-01 -6.058468103965204410e-01 1.034442624903674987e-02 -4.538508769399556692e-02 -2.268108424336565399e-01 -6.130167686573964048e-01
-3.381889763779527769e+00 1.123972886631482634e-02 -4.338747525007824457e-02 -2.310317440737490180e-01 -6.055956207686503667e-01 9.418350302359627599e-03 -4.689474164720485588e-02 -2.272875022460950356e-01 -6.144603858959249987e-01
-3.366141732283464805e+00 1.021965293931726207e-02 -4.500748483648853160e-02 -2.306930198830674239e-01 -6.101526006557408399e-01 8.484901015233253449e-03 -4.841768447562083688e-02 -2.277628424548341357e-01 -6.159104317488097724e-01
-3.350393700787401841e+00 9.328367836580309103e-03 -4.690418376056079697e-02 -2.269784600925078832e-01 -6.110949730610357733e-01 7.544001974028111471e-03 -4.995406154998360132e-02 -2.282367745362333666e-01 -6.173669621406235875e-01
-3.334645669291338876e+00 8.614197984238156774e-03 -4.868480661340437998e-02 -2.280735156827050081e-01 -6.154817898958295785e-01 6.595576808742403471e-03 -5.150402316912797845e-02 -2.287092061750223559e-01 -6.188300337672661966e-01
-3.318897637795275912e+00 7.750665429013196828e-03 -5.048755173874275304e-02 -2.291583946483917722e-01 -6.187942351999180524e-01 5.639549174688433635e-03 -5.306772475869780265e-02 -2.291800410595931370e-01 -6.202997041101996345e-01
-3.303149606299212504e+00 6.356237235310244205e-03 -5.142203550062151435e-02 -2.268363768001611658e-01 -6.178262989701962526e-01 4.675842734098848048e-03 -5.464532708418044782e-02 -2.296491786631116860e-01 -6.217760314510296649e-01
-3.287401574803149540e+00 5.725465137894684281e-03 -5.354539608171406118e-02 -2.267146103444887817e-01 -6.197145958572699564e-01 3.704381137647943471e-03 -5.623699647947803804e-02 -2.301165140092185368e-01 -6.232590748863925390e-01
-3.271653543307086576e+00 4.777432619446922435e-03 -5.506877511523607105e-02 -2.293066348180975711e-01 -6.213300225288260759e-01 2.725088005875093457e-03 -5.784290509235712197e-02 -2.305819374209756856e-01 -6.247488943432135677e-01
-3.255905511811023612e+00 3.750712839095785706e-03 -5.815043375797647462e-02 -2.352197266422368649e-01 -6.217508563432503355e-01 1.737886910502373919e-03 -5.946323114825496914e-02 -2.310453342515761677e-01 -6.262455505942983169e-01
-3.240157480314960647e+00 2.632209712048860784e-03 -5.836191660982728568e-02 -2.310229572883937543e-01 -6.255714702206501832e-01 7.427013556277546917e-04 -6.109815923408449395e-02 -2.315065845951703727e-01 -6.277491052742866229e-01
-3.224409448818897683e+00 1.782929792193535534e-03 -5.823265143208231076e-02 -2.368050128765490925e-01 -6.182351959554003296e-01 -2.605452412200669177e-04 -6.274788060384373090e-02 -2.319655629759765636e-01 -6.292596208959921888e-01
-3.208661417322834719e+00 9.280706854888666479e-04 -6.022089796332492223e-02 -2.356509177944308142e-01 -6.193209016828532532e-01 -1.271929568183871465e-03 -6.441259350804764972e-02 -2.324221380136669013e-01 -6.307771608671102204e-01
-3.192913385826771755e+00 8.820249713913097533e-05 -6.194160598062115053e-02 -2.397365128039832816e-01 -6.215085256598998908e-01 -2.291528438357475026e-03 -6.609250354921494819e-02 -2.328761720627612886e-01 -6.323017895073150818e-01
-3.177165354330708791e+00 -1.123076363894800339e-03 -6.439006099478875034e-02 -2.331698879051219142e-01 -6.248159961230763670e-01 -3.319418809267437979e-03 -6.778782406590554144e-02 -2.333275208235337239e-01 -6.338335720657799488e-01
-3.161417322834645383e+00 -2.139423426733462474e-03 -6.538226007541710072e-02 -2.342700126234406044e-01 -6.254839466120400981e-01 -4.355677802578602174e-03 -6.949877654808625516e-02 -2.337760329216236332e-01 -6.353725747390985834e-01
-3.145669291338582418e+00 -2.953793145576213974e-03 -6.645059288995772140e-02 -2.371536067345861587e-01 -6.326664164960456027e-01 -5.400382724051701853e-03 -7.122559108693812813e-02 -2.342215494532260689e-01 -6.369188646896222217e-01
-3.129921259842519454e+00 -4.089977769862002122e-03 -6.848133666392784702e-02 -2.373211139872904163e-01 -6.264239468917299769e-01 -6.453611083782530115e-03 -7.296850686258683771e-02 -2.346639034923503619e-01 -6.384725100642605344e-01
-3.114173228346456490e+00 -5.103174310237785366e-03 -7.021428949453871471e-02 -2.363133579091163949e-01 -6.337009023785479256e-01 -7.515440616750260205e-03 -7.472777267367122778e-02 -2.351029195562181484e-01 -6.400335800137204600e-01
-3.098425196850393526e+00 -6.578980509057301418e-03 -7.188577344784317924e-02 -2.397903749648773453e-01 -6.325950253112813115e-01 -8.585949303712194988e-03 -7.650364751315194556e-02 -2.355384130243658170e-01 -6.416021447121996735e-01
-3.082677165354330562e+00 -6.954309802991345824e-03 -7.329054246359592573e-02 -2.402400997879028666e-01 -6.397345810197102578e-01 -9.665215392476335723e-03 -7.829640119532291220e-02 -2.359701895064585386e-01 -6.431782753775774353e-01
-3.066929133858267598e+00 -8.218112732978375551e-03 -7.509266475589566892e-02 -2.411698289320379218e-01 -6.415624860998604406e-01 -1.075331741959054295e-02 -8.010631503963862310e-02 -2.363980441531867704e-01 -6.447620442920781736e-01
-3.051181102362204633e+00 -9.402425312845092559e-03 -7.642666879139878300e-02 -2.448375918674149110e-01 -6.382493470749772690e-01 -1.185033423248794092e-02 -8.193368261771065419e-02 -2.368217609038449634e-01 -6.463535248234588693e-01
-3.035433070866141669e+00 -1.035981262666597208e-02 -8.044284355561759359e-02 -2.431838006800655094e-01 -6.388288568014521829e-01 -1.295634501212974098e-02 -8.377881057069191950e-02 -2.372411116633483252e-01 -6.479527914466901573e-01
-3.019685039370078705e+00 -1.161901634144731771e-02 -8.029691774722232112e-02 -2.415176677333367439e-01 -6.389484048337257249e-01 -1.407142929618945132e-02 -8.564201950526165175e-02 -2.376558554004376822e-01 -6.495599197662023094e-01
-3.003937007874015741e+00 -1.209150284839113909e-02 -8.306054927081943373e-02 -2.427931116911962450e-01 -6.472197130235332052e-01 -1.519566700282755194e-02 -8.752364497759432260e-02 -2.380657371576536674e-01 -6.511749865386617930e-01
-2.988188976377952777e+00 -1.376206365407405333e-02 -8.450453403305144273e-02 -2.458333768909168049e-01 -6.262209964984127852e-01 -1.632913845510357634e-02 -8.942403857603382911e-02 -2.384704869623091306e-01 -6.527980696963262552e-01
-2.972440944881889813e+00 -1.461194104396466506e-02 -8.504192950192684952e-02 -2.510650551424351562e-01 -6.366376979044092721e-01 -1.747192440607902783e-02 -9.134356911479880881e-02 -2.388698186261054013e-01 -6.544292483709679420e-01
-2.956692913385826849e+00 -1.580653971555403409e-02 -8.680554632617143440e-02 -2.438907327524255930e-01 -6.502602688810152909e-01 -1.862410606466742211e-02 -9.328262395288960951e-02 -2.392634284191603455e-01 -6.560686029184263912e-01
-2.940944881889763884e+00 -1.666065879582845702e-02 -8.932239573816468103e-02 -2.450322033085783335e-01 -6.561888491114037381e-01 -1.978576512228825621e-02 -9.524161045456530639e-02 -2.396509936020434217e-01 -6.577162149437454364e-01
-2.925196850393700920e+00 -1.841889264505280205e-02 -9.064114186764493653e-02 -2.446226541962550904e-01 -6.558926642823672548e-01 -2.095698378038914067e-02 -9.722095761035159933e-02 -2.400321707968005036e-01 -6.593721673269801187e-01
-2.909448818897637956e+00 -1.917895525027123529e-02 -9.282580207405524697e-02 -2.429613258843546231e-01 -6.576394668855140013e-01 -2.213784477889928909e-02 -9.922111784060703987e-02 -2.404065941748812496e-01 -6.610365442496435318e-01
-2.893700787401574992e+00 -2.030410706878830671e-02 -9.803577529681037350e-02 -2.388975026497665299e-01 -6.502881510103177831e-01 -2.332843142568458497e-02 -1.012425690073510687e-01 -2.407738734362210586e-01 -6.627094312218329009e-01
-2.877952755905512028e+00 -2.137255305942840564e-02 -9.584443104823363313e-02 -2.454366182687276188e-01 -6.499124588633269362e-01 -2.452882762707887451e-02 -1.032858166644245040e-01 -2.411335915493267590e-01 -6.643909151100606536e-01
-2.862204724409449064e+00 -2.259871117497614171e-02 -9.825137077241348493e-02 -2.479200474371594520e-01 -6.609735934543482516e-01 -2.573911791956660575e-02 -1.053513965813319547e-01 -2.414853022169655972e-01 -6.660810841657927028e-01
-2.846456692913386100e+00 -2.386343625657679976e-02 -1.015976634459704597e-01 -2.478327343515469294e-01 -6.522904681109648051e-01 -2.695938750269917528e-02 -1.074398775824690622e-01 -2.418285270256769204e-01 -6.677800280547525613e-01
-2.830708661417323135e+00 -2.485760719908740313e-02 -1.048280397151382798e-01 -2.403915744006657751e-01 -6.541745969012136008e-01 -2.818972227333754743e-02 -1.095518647511456028e-01 -2.421627522296260215e-01 -6.694878378869565383e-01
-2.814960629921260171e+00 -2.613717568718239639e-02 -1.069740412009669017e-01 -2.467101117802363297e-01 -6.509852056006845133e-01 -2.943020886130309419e-02 -1.116880030572222626e-01 -2.424874251098936284e-01 -6.712046062475661712e-01
-2.799212598425196763e+00 -2.720242253861360204e-02 -1.074218470776018564e-01 -2.457062711855312054e-01 -6.593691598715570867e-01 -3.068093466654506565e-02 -1.138489814787019827e-01 -2.428019498387861408e-01 -6.729304272285452360e-01
-2.783464566929133799e+00 -2.858835475900977502e-02 -1.105902823696160997e-01 -2.493040370689691976e-01 -6.662028110082607313e-01 -3.194198789792271342e-02 -1.160355377018244816e-01 -2.431056827645229623e-01 -6.746653964611479815e-01
-2.767716535433070835e+00 -2.973292715852229179e-02 -1.144155712972697025e-01 -2.486921057348879804e-01 -6.196986215090636296e-01 -3.321345761371403277e-02 -1.182484635018258984e-01 -2.433979270140402551e-01 -6.764096111492862162e-01
-2.751968503937007871e+00 -3.057640068385424764e-02 -1.112277696343017541e-01 -2.501515463692718377e-01 -6.600893051565746017e-01 -3.449543376396858874e-02 -1.204886109285202567e-01 -2.436779262896600906e-01 -6.781631701037781346e-01
-2.736220472440944906e+00 -3.189677654374518251e-02 -1.131796589613302817e-01 -2.526131580925471409e-01 -6.770013217025439012e-01 -3.578800723483047119e-02 -1.227568994484797560e-01 -2.439448577077235891e-01 -6.799261737775358361e-01
-2.720472440944881942e+00 -3.353232460120875863e-02 -1.157547590687613981e-01 -2.529899405904478815e-01 -6.775430370407027336e-01 -3.709126989496119159e-02 -1.250543242305544311e-01 -2.441978234923482260e-01 -6.816987243016826570e-01
-2.704724409448818978e+00 -3.495981118158206224e-02 -1.174017705825151081e-01 -2.558099981625273633e-01 -6.624620006861283716e-01 -3.840531464420960522e-02 -1.273819658060565962e-01 -2.444358412928455682e-01 -6.834809255226688141e-01
-2.688976377952756014e+00 -3.576604184641365980e-02 -1.190581734260908187e-01 -2.538447212495532623e-01 -6.819135003423051344e-01 -3.973023546467234490e-02 -1.297410013922499494e-01 -2.446578328360270727e-01 -6.852728830404006821e-01
-2.673228346456693050e+00 -3.721641261004737106e-02 -1.216808083739511215e-01 -2.537238406635712318e-01 -6.870900702895172962e-01 -4.106612747431485910e-02 -1.321327182421279389e-01 -2.448626105502786365e-01 -6.870747042474143473e-01
-2.657480314960629642e+00 -3.852963726981977616e-02 -1.236043062874053189e-01 -2.528152930616242577e-01 -6.887309893456926568e-01 -4.241308698331629906e-02 -1.345585294807737919e-01 -2.450488617009433379e-01 -6.888864983691251886e-01
-2.641732283464566677e+00 -3.971886970194728195e-02 -1.248192230059361335e-01 -2.554512666592859693e-01 -6.911598077433805942e-01 -4.377121155332831109e-02 -1.370199930173106317e-01 -2.452151294478561727e-01 -6.907083765052175472e-01
-2.625984251968503713e+00 -4.124486942573132170e-02 -1.269957336888335730e-01 -2.576431868721998919e-01 -6.806750734227693389e-01 -4.514060005984116969e-02 -1.395188342934690073e-01 -2.453597900638031237e-01 -6.925404516721679338e-01
-2.610236220472440749e+00 -4.261787744029837260e-02 -1.294483321007582621e-01 -2.560841104037261950e-01 -6.874235305044678057e-01 -4.652135275786828394e-02 -1.420569738625623579e-01 -2.454810253199526948e-01 -6.943828388469679425e-01
-2.594488188976377785e+00 -4.374565842736695409e-02 -1.316216570729127344e-01 -2.567384426949888554e-01 -6.964028844581351407e-01 -4.791357135117457061e-02 -1.446365611114837912e-01 -2.455767887254158011e-01 -6.962356550120957221e-01
-2.578740157480314821e+00 -4.483146341712641869e-02 -1.338079294054158874e-01 -2.571797146226859621e-01 -6.982541007317534243e-01 -4.931735906528782187e-02 -1.472600158813335003e-01 -2.456447638651217957e-01 -6.980990192017466622e-01
-2.562992125984251857e+00 -4.645233287358122021e-02 -1.384059570394308991e-01 -2.552525950122644938e-01 -6.979632707135043912e-01 -5.073282072455684300e-02 -1.499300803671373694e-01 -2.456823124553058901e-01 -6.999730525493912392e-01
-2.547244094488188892e+00 -4.779993368429711481e-02 -1.384633457616215313e-01 -2.622691614494522816e-01 -7.007300619847264267e-01 -5.216006283352792733e-02 -1.526498845733990917e-01 -2.456864088396124024e-01 -7.018578783367104279e-01
-2.531496062992125928e+00 -4.916649908283438064e-02 -1.404808692428846095e-01 -2.619646774077280527e-01 -6.967326327555607435e-01 -5.359919366294219056e-02 -1.554230299118058156e-01 -2.456535563392222843e-01 -7.037536220439153389e-01
-2.515748031496062964e+00 -5.059723742537339253e-02 -1.427330771519945141e-01 -2.618313933057795917e-01 -7.012132027667344891e-01 -5.505032334067409827e-02 -1.582536974804455709e-01 -2.455796789173461114e-01 -7.056604114015692097e-01
-2.500000000000000000e+00 -5.256042019140950983e-02 -1.448359538212062037e-01 -2.605881442936243686e-01 -6.886743669781923982e-01 -5.651356394795623017e-02 -1.611467905440358561e-01 -2.454599786382635485e-01 -7.075783764438705603e-01
