-4.500000000000000000e+00 5.720617231784787260e-02 3.749177630388494942e-02 -2.224195668546943006e-01 -4.740127000588948980e-01 6.166530071579580385e-02 3.232207595474773099e-02 -1.931151186431214473e-01 -5.252640238667412032e-01
-4.435483870967741993e+00 5.930536141458353505e-02 2.971536967679982641e-02 -2.057496845147172015e-01 -5.095545443791614781e-01 5.914026989451418026e-02 2.915686641109847474e-02 -1.950206788289160775e-01 -5.297874336012718954e-01
-4.370967741935483986e+00 5.692200002462827896e-02 2.370182440078306974e-02 -2.012736387961761575e-01 -5.132227699392806208e-01 5.658453109643517970e-02 2.582781369132039484e-02 -1.969399912974074685e-01 -5.343764660089835861e-01
-4.306451612903225978e+00 5.431968362401073946e-02 2.353501678970876254e-02 -1.974863603168028336e-01 -5.206930656307959815e-01 5.399315308826531379e-02 2.233365979157685491e-02 -1.988724556898938955e-01 -5.390328862452322678e-01
-4.241935483870967971e+00 5.166967017167392595e-02 1.983215108390071202e-02 -1.979372424902857142e-01 -5.269360435907435303e-01 5.136068097835435470e-02 1.867341212555108376e-02 -2.008173796471815764e-01 -5.437585370244244487e-01
-4.177419354838709964e+00 4.951237971226896128e-02 1.417255545801080971e-02 -2.019510182173667734e-01 -5.384098859705086504e-01 4.868129019821749309e-02 1.484617125460500377e-02 -2.027739664828054622e-01 -5.485553433456672456e-01
-4.112903225806451957e+00 4.680250867145237248e-02 9.698823184720827689e-03 -2.018452334227790745e-01 -5.405967964549752702e-01 4.594892628289523606e-02 1.085097055637340366e-02 -2.047413008866250661e-01 -5.534253175812700043e-01
-4.048387096774193949e+00 4.420271747106267052e-02 5.808476526641664223e-03 -2.079943929531747893e-01 -5.507503710289586296e-01 4.315742232007999807e-02 6.686635552958563287e-03 -2.067183322712741744e-01 -5.583705649616061972e-01
-3.983870967741935498e+00 4.121263982553624583e-02 1.542048559057176277e-03 -2.059382599691931826e-01 -5.545684287759887754e-01 4.030059070912705987e-02 2.351665753473768366e-03 -2.087038552808419822e-01 -5.633932894933073587e-01
-3.919354838709677491e+00 3.835455263394590975e-02 -3.837306831602207632e-03 -2.045910960889181507e-01 -5.614489435178997567e-01 3.737228955537851005e-02 -2.155861940960472536e-03 -2.106964868612133668e-01 -5.684958003518872927e-01
-3.854838709677419484e+00 3.551042401505008494e-02 -5.239241312374576243e-03 -2.149037094881888210e-01 -5.603073738008412796e-01 3.436646637837316443e-02 -6.838371733471085290e-03 -2.126946391354589960e-01 -5.736805187944068463e-01
-3.790322580645161032e+00 3.238299060809937679e-02 -9.789446303366870078e-03 -2.147338008027632472e-01 -5.700152321141145340e-01 3.127718296671228027e-02 -1.169885415465403943e-02 -2.146964871228971838e-01 -5.789499856428946822e-01
-3.725806451612903025e+00 2.950923481039662358e-02 -1.465233233862294621e-02 -2.227377699880371265e-01 -5.749122724179015487e-01 2.809862547551792225e-02 -1.674092337676269526e-02 -2.166999300686161534e-01 -5.843068693951060100e-01
-3.661290322580645018e+00 2.605349087555919319e-02 -2.197507386725103956e-02 -2.199310030077926970e-01 -5.768862468231814589e-01 2.482510356689908090e-02 -2.196887205583095137e-02 -2.187025447856064952e-01 -5.897539750256468594e-01
-3.596774193548387011e+00 2.261873879099724968e-02 -2.518098282618904532e-02 -2.212074382671120887e-01 -5.782487202711088514e-01 2.145104181483988709e-02 -2.738772905933778076e-02 -2.207015289162199967e-01 -5.952942535480220121e-01
-3.532258064516129004e+00 1.971531443110029896e-02 -3.187509288491449655e-02 -2.232449503892570131e-01 -5.892381943943858502e-01 1.797096592536430448e-02 -3.300332545318443445e-02 -2.226936313378039545e-01 -6.009308124165353426e-01
-3.467741935483870996e+00 1.608492477771306106e-02 -3.719544425078030736e-02 -2.261474755625030586e-01 -5.961920733569451292e-01 1.437948567545722749e-02 -3.882237443208498562e-02 -2.246750659850820508e-01 -6.066669268566196038e-01
-3.403225806451612989e+00 1.232406990794844906e-02 -4.228001614702478483e-02 -2.251746031926707692e-01 -5.990342103533760065e-01 1.067127590641588596e-02 -4.485257166676689944e-02 -2.266414040109461514e-01 -6.125060522231009497e-01
-3.338709677419354982e+00 8.785593861664255100e-03 -4.832547593984092699e-02 -2.292055739434354922e-01 -6.124442810414271188e-01 6.841056437198413630e-03 -5.110272402827729932e-02 -2.285874372573281632e-01 -6.184518374984806499e-01
-3.274193548387096975e+00 4.592689637091161570e-03 -5.420554060891939752e-02 -2.325778429978284656e-01 -6.161156110591247126e-01 2.883571387078860855e-03 -5.758291715031581964e-02 -2.305070031389355734e-01 -6.245081400576525388e-01
-3.209677419354838968e+00 6.022066900618662511e-04 -6.080168254685269780e-02 -2.372730247102440293e-01 -6.229842451932715575e-01 -1.206431900218851066e-03 -6.430473631385727473e-02 -2.323927567312665809e-01 -6.306790418419775390e-01
-3.145161290322580960e+00 -3.412104159522616476e-03 -6.682574722938426637e-02 -2.369859932912161682e-01 -6.290990707327138720e-01 -5.434224375412162814e-03 -7.128156154621216600e-02 -2.342358692201529646e-01 -6.369688671047246675e-01
-3.080645161290322509e+00 -7.361259227850296127e-03 -7.343181962998267254e-02 -2.384786240479024599e-01 -6.297480463881838242e-01 -9.805117485456350812e-03 -7.852896812709994623e-02 -2.360256213862239882e-01 -6.433822019117376723e-01
-3.016129032258064502e+00 -1.205585687962030389e-02 -8.340894063096099265e-02 -2.341615028667514975e-01 -6.297341143803124597e-01 -1.432448647025931325e-02 -8.606528061108582872e-02 -2.377488437224250795e-01 -6.499239156067824208e-01
-2.951612903225806495e+00 -1.665334342563542028e-02 -8.918172859380252282e-02 -2.416099423095723342e-01 -6.359414069444615514e-01 -1.899779533208242194e-02 -9.391235711420774235e-02 -2.393891259942324268e-01 -6.565991844804603961e-01
-2.887096774193548487e+00 -2.067075272747623607e-02 -9.622261224663711254e-02 -2.441922339364288042e-01 -6.557855829512504453e-01 -2.383062423098717200e-02 -1.020967309724413186e-01 -2.409256685349160654e-01 -6.634135179161468887e-01
-2.822580645161290480e+00 -2.544799289280871152e-02 -1.043727112433671528e-01 -2.458092254287013723e-01 -6.635039714102626274e-01 -2.882870026181262937e-02 -1.106513296007730351e-01 -2.423315546658796060e-01 -6.703727873265972192e-01
-2.758064516129032029e+00 -3.033994635551360425e-02 -1.117372006573204846e-01 -2.474817451889678444e-01 -6.600551437832127277e-01 -3.399793281551605900e-02 -1.196181708211198208e-01 -2.435710429695441548e-01 -6.774832582422490868e-01
-2.693548387096774022e+00 -3.563787246475970394e-02 -1.202897975001953335e-01 -2.491551270249203198e-01 -6.809083453788493667e-01 -3.934445504299077800e-02 -1.290528126168265233e-01 -2.445951021655707047e-01 -6.847516259677437489e-01
-2.629032258064516014e+00 -4.077449462442008649e-02 -1.274408863776044232e-01 -2.515229687163799688e-01 -6.896038023645324477e-01 -4.487467335225390347e-02 -1.390321832242526201e-01 -2.453335600084102786e-01 -6.921850552891093411e-01
-2.564516129032258007e+00 -4.640761336029254613e-02 -1.375518407659322984e-01 -2.549655911147531984e-01 -6.954864384771420882e-01 -5.059532742049199783e-02 -1.496695664771128531e-01 -2.456800891065639147e-01 -6.997912247919286788e-01
-2.500000000000000000e+00 -5.188693141287779170e-02 -1.468251377443155758e-01 -2.577796836601210506e-01 -7.053292753006586979e-01 -5.651356394795623017e-02 -1.611467905440358561e-01 -2.454599786382635485e-01 -7.075783764438705603e-01
