-4.500000000000000000e+00 6.140107514091107388e-02 2.612503842215302408e-02 -1.787720825493678556e-01 -5.101231058788031625e-01 6.166530071579580385e-02 3.232207595474773099e-02 -1.931151186431214473e-01 -5.252640238667412032e-01
-4.394736842105262831e+00 5.821531653845325033e-02 2.344972590657158976e-02 -1.854723876564069174e-01 -5.285421496475579684e-01 5.752999081507817469e-02 2.707345602519724281e-02 -1.962313123010502869e-01 -5.326780250309657294e-01
-4.289473684210526550e+00 5.397935223803006222e-02 1.812439330028240911e-02 -1.872040340055859675e-01 -5.358831679533295755e-01 5.330461387345217933e-02 2.138657701611963030e-02 -1.993831003592803630e-01 -5.402696893681728785e-01
-4.184210526315789380e+00 4.962172700084743066e-02 1.646268738063355955e-02 -2.023770293651665497e-01 -5.418022727268461125e-01 4.896571958242374595e-02 1.525693015138803593e-02 -2.025674869257168831e-01 -5.480470064410678521e-01
-4.078947368421053099e+00 4.536353880789298354e-02 1.018975191198760386e-02 -2.093701161831680591e-01 -5.485044813739918812e-01 4.448747853773100253e-02 8.680384820438234034e-03 -2.057807075312648448e-01 -5.560185588835964143e-01
-3.973684210526315930e+00 4.047451552006320341e-02 3.698564672316186769e-03 -2.129252513168392313e-01 -5.479073096647073537e-01 3.984313533615740227e-02 1.651478771215666910e-03 -2.090180469009781661e-01 -5.641935839808374098e-01
-3.868421052631578760e+00 3.588663331252048283e-02 -4.528502552950026266e-03 -2.156923099991382431e-01 -5.582434389925682305e-01 3.500600972526840549e-02 -5.837899499939898200e-03 -2.122736033210262385e-01 -5.725820433782984331e-01
-3.763157894736842035e+00 3.097758585237971735e-02 -1.415989286247651760e-02 -2.154689150625454519e-01 -5.724821013466484532e-01 2.995005529963876839e-02 -1.379946644576645308e-02 -2.155399796283445080e-01 -5.811947022205612434e-01
-3.657894736842105310e+00 2.553410216675639985e-02 -2.045051479438126513e-02 -2.203694765519663423e-01 -5.613658362588250794e-01 2.465007619310327636e-02 -2.224926810256300583e-02 -2.188078713835725220e-01 -5.900432192645592711e-01
-3.552631578947368585e+00 1.988302057599491274e-02 -2.918700281214632597e-02 -2.258252160692197641e-01 -5.901970945860841589e-01 1.908171870755276389e-02 -3.120833624660117323e-02 -2.220655077168947056e-01 -5.991402498120483866e-01
-3.447368421052631859e+00 1.491074767925631983e-02 -4.103136886759070623e-02 -2.234811427005328199e-01 -5.958701652113386205e-01 1.322133363137321937e-02 -4.070344244978493786e-02 -2.252978755671558031e-01 -6.084995636728460777e-01
-3.342105263157894690e+00 8.700983351852681347e-03 -4.693881096503961514e-02 -2.292634454862859383e-01 -6.169175487907905264e-01 7.045773836094906817e-03 -5.076812772399726809e-02 -2.284856158151826466e-01 -6.181361808225074306e-01
-3.236842105263157965e+00 2.335277394369231901e-03 -5.935611281141703333e-02 -2.329578359874902860e-01 -6.128791576178083123e-01 5.321640082889338933e-04 -6.144423309674312134e-02 -2.316034047431177190e-01 -6.280665279787691624e-01
-3.131578947368421240e+00 -4.095123932362623731e-03 -6.767913082409207637e-02 -2.391018826650250229e-01 -6.347675992202052031e-01 -6.342341249861460119e-03 -7.278427649605899441e-02 -2.346174939817189109e-01 -6.383086200202321425e-01
-3.026315789473684070e+00 -1.217323930666137227e-02 -7.881626944123285017e-02 -2.421717355255095239e-01 -6.417916938687411310e-01 -1.360080909431954019e-02 -8.485528553126656104e-02 -2.374818040049037904e-01 -6.488822710483412859e-01
-2.921052631578947345e+00 -1.855959625262032509e-02 -9.126261921771534891e-02 -2.443973803121717581e-01 -6.501893844482228291e-01 -2.126679843127671221e-02 -9.774527863825026308e-02 -2.401313735488549150e-01 -6.598093410034490125e-01
-2.815789473684210620e+00 -2.590204417547936622e-02 -1.040617988666181215e-01 -2.480895962767700191e-01 -6.644499145738008705e-01 -2.936466559008860805e-02 -1.115749616682676360e-01 -2.424705846576054591e-01 -6.711140251590452799e-01
-2.710526315789473895e+00 -3.405966221742826733e-02 -1.174354953441347216e-01 -2.507215667175204388e-01 -6.764423341095697761e-01 -3.791993254595869139e-02 -1.265208258665120322e-01 -2.443499556334213507e-01 -6.828231956336907604e-01
-2.605263157894737169e+00 -4.285206675519656616e-02 -1.303664922852596775e-01 -2.562495652326814977e-01 -6.879651895927271221e-01 -4.695975717679378575e-02 -1.428669938030811826e-01 -2.455141221434419541e-01 -6.949668064121318212e-01
-2.500000000000000000e+00 -5.179786084302456101e-02 -1.448786842362080052e-01 -2.592723328386720150e-01 -7.048228569145982281e-01 -5.651356394795623017e-02 -1.611467905440358561e-01 -2.454599786382635485e-01 -7.075783764438705603e-01
