-4.500000000000000000e+00 6.000722138960497276e-02 2.909118714717792362e-02 -1.966937324890075667e-01 -5.045442252409891859e-01 6.166530071579580385e-02 3.232207595474773099e-02 -1.931151186431214473e-01 -5.252640238667412032e-01
-4.366666666666666252e+00 5.548054115042167639e-02 9.441282986007538264e-03 -1.911147077298551988e-01 -5.051928636078409918e-01 5.641293922751287881e-02 2.560001859100444893e-02 -1.970684202274280428e-01 -5.346847775556463622e-01
-4.233333333333333393e+00 5.121490209195445759e-02 1.426696509527426888e-02 -2.003888476345241920e-01 -5.216489809450750581e-01 5.100627010278795115e-02 1.817278159647304700e-02 -2.010776027399757693e-01 -5.443939569800859690e-01
-4.099999999999999645e+00 4.624156213362903833e-02 1.143928040044201941e-02 -2.013524113442846653e-01 -5.468616552314620183e-01 4.539555489260702764e-02 1.003167694889762172e-02 -2.051359676136051691e-01 -5.544082761389674818e-01
-3.966666666666666785e+00 4.064300250357528316e-02 2.521597990010594759e-03 -2.080028777461003231e-01 -5.608287336064556872e-01 3.952695026854011195e-02 1.166621242925669445e-03 -2.092345902907588873e-01 -5.647460598303947199e-01
-3.833333333333333481e+00 3.449504038319096272e-02 -6.819009447395742857e-03 -2.109158395278128706e-01 -5.684517162899372922e-01 3.334626829434036294e-02 -8.438592684693938667e-03 -2.133616088195477434e-01 -5.754274621851843685e-01
-3.700000000000000178e+00 2.819494214182479211e-02 -1.795551445990086273e-02 -2.149917877425896462e-01 -5.781670617212116836e-01 2.680092711110520012e-02 -1.880953284677039372e-02 -2.175012231003874696e-01 -5.864747231441772568e-01
-3.566666666666666430e+00 2.135363915079474886e-02 -2.847874265937141297e-02 -2.196049723313076019e-01 -5.900958012446081424e-01 1.984052895762064908e-02 -2.998347076928557439e-02 -2.216322498488670634e-01 -5.979124709190416498e-01
-3.433333333333333570e+00 1.422958114125463108e-02 -3.981155103435945336e-02 -2.245853416894227073e-01 -6.024228942080823712e-01 1.241663679113203661e-02 -4.201167091232752698e-02 -2.257259695266635724e-01 -6.097680805049910946e-01
-3.299999999999999822e+00 6.148305145011113970e-03 -5.120786030046907411e-02 -2.278267221200988568e-01 -6.189316249726162233e-01 4.482173270868371022e-03 -5.496253017426094845e-02 -2.297427933532499300e-01 -6.220721009449312611e-01
-3.166666666666666963e+00 -1.951247640186306448e-03 -6.460352179895267888e-02 -2.337923403850430126e-01 -6.276697286285218835e-01 -4.009323523256291995e-03 -6.892670814797420553e-02 -2.336268537223827046e-01 -6.348587674872621101e-01
-3.033333333333333215e+00 -1.124224280205527934e-02 -7.825922587925213114e-02 -2.381959700913874323e-01 -6.469514340696457255e-01 -1.310449692934296737e-02 -8.402618658222493764e-02 -2.372966824304392763e-01 -6.481666193277396681e-01
-2.899999999999999911e+00 -2.031191323845738667e-02 -9.420903633049224069e-02 -2.444806678461142746e-01 -6.553615313954256338e-01 -2.285102433294140464e-02 -1.004314019211560022e-01 -2.406278450887776310e-01 -6.620392496982703268e-01
-2.766666666666666607e+00 -3.059265234323827604e-02 -1.103033214218148428e-01 -2.502230781429658490e-01 -6.760303178105785404e-01 -3.329859482329503018e-02 -1.183969499750840843e-01 -2.434169833166512364e-01 -6.765262232667526021e-01
-2.633333333333333304e+00 -4.109872002033843064e-02 -1.305361123098161547e-01 -2.568642392323963741e-01 -6.868967454977082943e-01 -4.450014401207436077e-02 -1.383479396711102538e-01 -2.452950814106562571e-01 -6.916842070302274825e-01
-2.500000000000000000e+00 -5.255727727990398140e-02 -1.465952717607849343e-01 -2.576044394207612775e-01 -6.915170867848631220e-01 -5.651356394795623017e-02 -1.611467905440358561e-01 -2.454599786382635485e-01 -7.075783764438705603e-01
