-4.500000000000000000e+00 6.180159299079526075e-02 3.057952383231038462e-02 -2.033038840879204945e-01 -4.946123464424972416e-01 6.166530071579580385e-02 3.232207595474773099e-02 -1.931151186431214473e-01 -5.252640238667412032e-01
-4.277777777777777679e+00 5.331288294133927630e-02 2.210017186682060319e-02 -2.151095536541202669e-01 -5.052459976945670173e-01 5.282857818184116816e-02 2.072744217893464011e-02 -1.997353729135376843e-01 -5.411245160315265590e-01
-4.055555555555555358e+00 4.345567197522333391e-02 9.408276235136136395e-03 -2.056173973031869551e-01 -5.508394378569934080e-01 4.347070250837666711e-02 7.157735075147172478e-03 -2.064982192876524958e-01 -5.578173081934865163e-01
-3.833333333333333481e+00 3.365184877149449139e-02 -9.859288621501385852e-03 -2.108105638475269439e-01 -5.558124788228708812e-01 3.334626829434036294e-02 -8.438592684693938667e-03 -2.133616088195477434e-01 -5.754274621851843685e-01
-3.611111111111111160e+00 2.306298054475401649e-02 -2.832243323194152257e-02 -2.110834776238863786e-01 -5.909724969193749233e-01 2.220980373375483138e-02 -2.616675493733339186e-02 -2.202577827600754601e-01 -5.940548719700412539e-01
-3.388888888888888840e+00 1.058801333568025645e-02 -4.449881447136949664e-02 -2.205852378895325760e-01 -6.112048384980824922e-01 9.830845356705475435e-03 -4.622215219964721789e-02 -2.270758112254261385e-01 -6.138179878748718510e-01
-3.166666666666666963e+00 -2.817507763866883286e-03 -6.579576941969475512e-02 -2.268680155378816898e-01 -6.241081100647519753e-01 -4.009323523256291995e-03 -6.892670814797420553e-02 -2.336268537223827046e-01 -6.348587674872621101e-01
-2.944444444444444642e+00 -1.789433869580778214e-02 -8.836788976338985635e-02 -2.561551916050570088e-01 -5.407423855398578727e-01 -1.952679542910361332e-02 -9.480453601553516518e-02 -2.395654076264627785e-01 -6.573493611046714591e-01
-2.722222222222222321e+00 -3.369885293130187032e-02 -1.144922547207574692e-01 -2.554426471883753935e-01 -6.622815917923002837e-01 -3.694593219216445873e-02 -1.247975831763293297e-01 -2.441704356040652613e-01 -6.815012995801659201e-01
-2.500000000000000000e+00 -5.177779926798032478e-02 -1.454051096890322248e-01 -2.607503117854922392e-01 -7.040156355381258502e-01 -5.651356394795623017e-02 -1.611467905440358561e-01 -2.454599786382635485e-01 -7.075783764438705603e-01
