-4.500000000000000000e+00 6.232156255265311473e-02 2.453448169008861160e-02 -1.791937889933934713e-01 -5.015828352310874871e-01 6.166530071579580385e-02 3.232207595474773099e-02 -1.931151186431214473e-01 -5.252640238667412032e-01
-4.448717948717948900e+00 6.032559701454371509e-02 2.469407683135754761e-02 -1.826273968903220635e-01 -5.137890061192272873e-01 5.966057819501545401e-02 2.981944951950842373e-02 -1.946286553999904967e-01 -5.288542612320359382e-01
-4.397435897435897800e+00 5.807424562244688226e-02 2.167031026723896178e-02 -1.873416491026153319e-01 -5.159339056374316890e-01 5.763705672181933942e-02 2.721348806776977339e-02 -1.961509539287264459e-01 -5.324857360199398704e-01
-4.346153846153845812e+00 5.619037428960156622e-02 2.458240135765853152e-02 -2.004898935161536777e-01 -5.193354721927305739e-01 5.559235295873551225e-02 2.450350517451885951e-02 -1.976817260580787661e-01 -5.361593230881103178e-01
-4.294871794871794712e+00 5.442149507061311287e-02 1.991106680653813646e-02 -1.952343960942598544e-01 -5.327837707255841382e-01 5.352384869902827857e-02 2.168894900464959918e-02 -1.992206487494117273e-01 -5.398759275129003665e-01
-4.243589743589743613e+00 5.221288419174659190e-02 1.882750577890575372e-02 -2.096508622702789870e-01 -5.269352832371564377e-01 5.142874089050408770e-02 1.876934681916179321e-02 -2.007673604726612493e-01 -5.436364860328820603e-01
-4.192307692307692513e+00 5.014350333689039652e-02 1.629570905347892118e-02 -2.013159613117738722e-01 -5.403097655485030737e-01 4.930408987019146982e-02 1.574425075508908631e-02 -2.023214571376987791e-01 -5.474419685790519186e-01
-4.141025641025641413e+00 4.796182343951380100e-02 1.034382187610073320e-02 -1.985033259350800494e-01 -5.342577363627404319e-01 4.714686343076884140e-02 1.261318718777493415e-02 -2.038824875146064697e-01 -5.512933798979383626e-01
-4.089743589743589425e+00 4.579478446516194179e-02 9.545866930517146048e-03 -1.994773058967143908e-01 -5.503519543848840456e-01 4.495397517735530424e-02 9.375611134034478669e-03 -2.054499480643297016e-01 -5.551917612743650920e-01
-4.038461538461538325e+00 4.370031289496608545e-02 6.863463790139943260e-03 -2.083898194485309940e-01 -5.564628824651206562e-01 4.272231641249105150e-02 6.030866360581252535e-03 -2.070232770865619576e-01 -5.591381923611808968e-01
-3.987179487179487225e+00 4.141794037582808424e-02 3.875621417250740136e-03 -2.105741983669389972e-01 -5.584979415539198522e-01 4.044878142702253154e-02 2.578151203986869377e-03 -2.086018480738572045e-01 -5.631337931239042138e-01
-3.935897435897436125e+00 3.928213789536693507e-02 -3.796113083977908226e-03 -2.058725400045598175e-01 -5.588003340580727230e-01 3.813028654167477383e-02 -9.835103809661361815e-04 -2.101849621390529110e-01 -5.671797259088995347e-01
-3.884615384615384581e+00 3.689529481420697477e-02 -8.318775166257976611e-03 -2.005561435612112087e-01 -5.618868528382716665e-01 3.576378354113417257e-02 -4.655293352254173331e-03 -2.117718393559547829e-01 -5.712771976444868116e-01
-3.833333333333333481e+00 3.471155594268275635e-02 -1.326046042328421493e-02 -2.073267464995281473e-01 -5.669113288592574351e-01 3.334626829434036294e-02 -8.438592684693938667e-03 -2.133616088195477434e-01 -5.754274621851843685e-01
-3.782051282051281937e+00 3.201857971319437002e-02 -1.040133554995891288e-02 -2.161309232731039032e-01 -5.726356154027155698e-01 3.087478539579754933e-02 -1.233504212474534345e-02 -2.149532971898138467e-01 -5.796318228102222969e-01
-3.730769230769230838e+00 2.974891236819280846e-02 -1.417945963066447393e-02 -2.176108342760801062e-01 -5.791669040579735528e-01 2.834642962792761206e-02 -1.634653169262376832e-02 -2.165458154300400617e-01 -5.838916348884657381e-01
-3.679487179487179738e+00 2.732407466226666193e-02 -1.811223783069969978e-02 -2.192103927064739666e-01 -5.848145800396367111e-01 2.575834496391192149e-02 -2.047522501592646815e-02 -2.181379433829767900e-01 -5.882083087229890150e-01
-3.628205128205128194e+00 2.453498032278616028e-02 -2.226421275715082665e-02 -2.206343753154357823e-01 -5.903568853869161082e-01 2.310772172743589745e-02 -2.472357756310692919e-02 -2.197283117417188347e-01 -5.925833125898114506e-01
-3.576923076923077094e+00 2.195333448955183106e-02 -2.647198604195153890e-02 -2.209760064636263899e-01 -5.942501675909359626e-01 2.039179241654810390e-02 -2.909435684837412620e-02 -2.213153808605389794e-01 -5.970181759866199922e-01
-3.525641025641025550e+00 1.910030140942823446e-02 -3.086742140704051146e-02 -2.228095946014617967e-01 -5.985849517321055746e-01 1.760782659388142671e-02 -3.359066572094115272e-02 -2.228974157054351146e-01 -6.015144931088508562e-01
-3.474358974358974450e+00 1.636687703914635125e-02 -3.593107066489686918e-02 -2.270160272282105152e-01 -6.009123151436481791e-01 1.475312515043855285e-02 -3.821596994886886089e-02 -2.244724560527535939e-01 -6.060739265721757363e-01
-3.423076923076923350e+00 1.368785077554368276e-02 -4.095802245256961738e-02 -2.273533573280619724e-01 -5.892001460418018199e-01 1.182501416749788536e-02 -4.297413148064132410e-02 -2.260382807897245161e-01 -6.106982114022967423e-01
-3.371794871794871806e+00 1.073651986143811521e-02 -4.478190132538105439e-02 -2.271927315350167065e-01 -6.087595505562222176e-01 8.820838531247663164e-03 -4.786944904106057302e-02 -2.275923648285656520e-01 -6.153891593150280226e-01
-3.320512820512820262e+00 7.605436141677711370e-03 -4.891244665979815887e-02 -2.304659932718970128e-01 -6.188440726350292742e-01 5.737955396529679196e-03 -5.290670812699968528e-02 -2.291318266798557934e-01 -6.201486633119757119e-01
-3.269230769230769162e+00 4.802977558022659271e-03 -5.437974165732328141e-02 -2.324386381582470573e-01 -6.235954586766088159e-01 2.573727547937235127e-03 -5.809124306457807974e-02 -2.306533640881983926e-01 -6.249787026196982342e-01
-3.217948717948718063e+00 1.297972530020768261e-03 -5.935984810472559603e-02 -2.335988431944509558e-01 -6.223848411410335402e-01 -6.744833334596841545e-04 -6.342901465054526233e-02 -2.321531742335633530e-01 -6.298813480031237866e-01
-3.166666666666666963e+00 -1.733100708992383471e-03 -6.619787353411886455e-02 -2.381776983056599628e-01 -6.319318796068423838e-01 -4.009323523256291995e-03 -6.892670814797420553e-02 -2.336268537223827046e-01 -6.348587674872621101e-01
-3.115384615384615419e+00 -5.042697192130161238e-03 -7.000656470938348974e-02 -2.396558519957002753e-01 -6.283597482472057516e-01 -7.433454281681093311e-03 -7.459185823012698391e-02 -2.350692717412273536e-01 -6.399132325248397812e-01
-3.064102564102563875e+00 -8.753870831407585540e-03 -7.522128530447078076e-02 -2.409115623404505524e-01 -6.266033685872272052e-01 -1.094955913828126078e-02 -8.043301017268014719e-02 -2.364744070148240840e-01 -6.450471246516525925e-01
-3.012820512820512775e+00 -1.215477869537881506e-02 -8.151342097369934647e-02 -2.473541676885045448e-01 -6.317117991466399962e-01 -1.456035154130149584e-02 -8.645993068707233387e-02 -2.378351350939693076e-01 -6.502629426759425346e-01
-2.961538461538461675e+00 -1.576391872330665245e-02 -8.616128458701681481e-02 -2.497220944404357212e-01 -6.457825163797223933e-01 -1.826858300658765200e-02 -9.268388811800777616e-02 -2.391429461445138960e-01 -6.555633104533897804e-01
-2.910256410256410575e+00 -1.941131451390432083e-02 -9.221947448126502356e-02 -2.522324451403570311e-01 -6.421375573110753576e-01 -2.207705193010508701e-02 -9.911803178013423032e-02 -2.403875633304390635e-01 -6.609509853051348527e-01
-2.858974358974359031e+00 -2.322400582084946374e-02 -9.955410208622877954e-02 -2.510073329435907885e-01 -6.467751611619656504e-01 -2.598861326153647372e-02 -1.057779166613074251e-01 -2.415564154016982545e-01 -6.664288671429460242e-01
-2.807692307692307487e+00 -2.762969667844082655e-02 -1.045519012805702919e-01 -2.477895839054989613e-01 -6.640580005557220611e-01 -3.000618927586858747e-02 -1.126822476065512252e-01 -2.426338891752858606e-01 -6.720000083731783036e-01
-2.756410256410256387e+00 -3.156157943930749943e-02 -1.120035556424563150e-01 -2.473143449835829566e-01 -6.645947401628337081e-01 -3.413278172762596041e-02 -1.198539663282696816e-01 -2.436002383231077872e-01 -6.776676246598087872e-01
-2.705128205128205288e+00 -3.470011128822551860e-02 -1.197396531955615406e-01 -2.495835475549109672e-01 -6.782486784872802099e-01 -3.837148573130939183e-02 -1.273218957687355657e-01 -2.444299336458369831e-01 -6.834351066366654015e-01
-2.653846153846154188e+00 -3.861218935780873218e-02 -1.239552006468752077e-01 -2.567249262685469824e-01 -6.841901003173633811e-01 -4.272550578511948027e-02 -1.351233351721868592e-01 -2.450890611126214369e-01 -6.893060326701659912e-01
-2.602564102564102644e+00 -4.318193941949888953e-02 -1.307084858076052458e-01 -2.551409708384543840e-01 -6.917080236597058507e-01 -4.719817444785574800e-02 -1.433083753348956546e-01 -2.455309977489869844e-01 -6.952841827868251334e-01
-2.551282051282051100e+00 -4.784500461111847874e-02 -1.398844135612382356e-01 -2.514003956187934596e-01 -6.991097237725907299e-01 -5.179297429702892780e-02 -1.519475666834504690e-01 -2.456887321623342779e-01 -7.013735538945535808e-01
-2.500000000000000000e+00 -5.229926937941784676e-02 -1.450115889025802018e-01 -2.580486989132903530e-01 -7.018884517064813977e-01 -5.651356394795623017e-02 -1.611467905440358561e-01 -2.454599786382635485e-01 -7.075783764438705603e-01
