-4.500000000000000000e+00 6.068313304978178307e-02 3.469339731034912916e-02 -1.925596961368981896e-01 -5.228865175811582278e-01 6.166530071579580385e-02 3.232207595474773099e-02 -1.931151186431214473e-01 -5.252640238667412032e-01
-4.474683544303797333e+00 6.064285011373937717e-02 3.095701953533273182e-02 -1.908084973358873948e-01 -5.245118455912587407e-01 6.067783810422531371e-02 3.109946707629125673e-02 -1.938611958245264610e-01 -5.270313194266130763e-01
-4.449367088607594667e+00 6.037186855912322209e-02 3.014262827457436442e-02 -1.950316213770605100e-01 -5.189270118284627920e-01 5.968606715787152378e-02 2.985177244960545914e-02 -1.946094413815685209e-01 -5.288085593110538607e-01
-4.424050632911392000e+00 5.949691992859209438e-02 2.829671579587684366e-02 -1.910546281646898215e-01 -5.251571295979866605e-01 5.868972600862867178e-02 2.857889342129095456e-02 -1.953598236009184141e-01 -5.305958461107220803e-01
-4.398734177215190222e+00 5.836031930839412352e-02 2.677450879334093009e-02 -1.939787947419285563e-01 -5.256996921862969741e-01 5.768853587470654243e-02 2.728074260001414272e-02 -1.961123088953281579e-01 -5.323932841286245221e-01
-4.373417721518987555e+00 5.728948666653464056e-02 2.579902004203119686e-02 -1.930977944861551332e-01 -5.296557526178007347e-01 5.668220247703648074e-02 2.595724229656924675e-02 -1.968668617117386443e-01 -5.342009794194401140e-01
-4.348101265822784889e+00 5.648321585393117211e-02 2.250274839646579372e-02 -1.888391152298679876e-01 -5.311705220275134698e-01 5.567041750127415395e-02 2.460832291217812315e-02 -1.976234444341661567e-01 -5.360190398299808923e-01
-4.322784810126582222e+00 5.551202036899297032e-02 2.257019241392342612e-02 -1.911566030254071569e-01 -5.344709190271629273e-01 5.465286007918983974e-02 2.323392130085787793e-02 -1.983820172810066285e-01 -5.378475750408038270e-01
-4.297468354430379556e+00 5.452376364121815089e-02 2.110825290834446311e-02 -1.939769760839300528e-01 -5.351333203835462182e-01 5.362919826524222000e-02 2.183397912965530027e-02 -1.991425381963922714e-01 -5.396866966090608786e-01
-4.272151898734176889e+00 5.348640765004017417e-02 1.875162714810478873e-02 -1.940472732951473156e-01 -5.364962320446871047e-01 5.259909048661758763e-02 2.040844125800976225e-02 -1.999049627351639213e-01 -5.415365180125559785e-01
-4.246835443037975111e+00 5.254391463647335725e-02 1.902259479195351349e-02 -2.007691824137909919e-01 -5.350757665508497629e-01 5.156218694787540607e-02 1.895725415464289201e-02 -2.006692439410202589e-01 -5.433971546951460452e-01
-4.221518987341772444e+00 5.156643538065742299e-02 1.808224476151267662e-02 -2.013642153254765199e-01 -5.417811202523379333e-01 5.051813097434353084e-02 1.748036436730056667e-02 -2.014353322173565997e-01 -5.452687241134360763e-01
-4.196202531645569778e+00 5.055657797280646570e-02 1.640827722148373996e-02 -2.032329996545446937e-01 -5.441909590555794596e-01 4.946656028149879619e-02 1.597771705756178065e-02 -2.022031751902569341e-01 -5.471513457848888873e-01
-4.170886075949367111e+00 4.944681836856808232e-02 1.411251292437882762e-02 -1.978186585444397239e-01 -5.448832806395401684e-01 4.840710816056527366e-02 1.444925460986880295e-02 -2.029727175630711422e-01 -5.490451413373579337e-01
-4.145569620253164445e+00 4.830028780256882814e-02 1.085861905349021911e-02 -2.010822202563626315e-01 -5.497709574193794246e-01 4.733940457341516417e-02 1.289491532103822363e-02 -2.037439009619459174e-01 -5.509502345600973960e-01
-4.120253164556961778e+00 4.724726019882484473e-02 1.118400936003922583e-02 -2.039445127089167809e-01 -5.443467277875675414e-01 4.626307715247086894e-02 1.131463217384315323e-02 -2.045166637716348546e-01 -5.528667514563384566e-01
-4.094936708860759111e+00 4.611165518326067886e-02 9.236665135255586051e-03 -2.083398064561743646e-01 -5.372119959467565042e-01 4.517775210363230570e-02 9.708331695856874458e-03 -2.052909409608376923e-01 -5.547948202974215537e-01
-4.069620253164557333e+00 4.506652907021878318e-02 7.753818114112086962e-03 -2.079205851951649031e-01 -5.435131862424188443e-01 4.408305501228122758e-02 8.075932902668095728e-03 -2.060666638962621033e-01 -5.567345716786080700e-01
-4.044303797468354666e+00 4.384731489919674319e-02 5.617486796461033938e-03 -2.046589727104189405e-01 -5.523521921103012877e-01 4.297861155410963307e-02 6.417346322793798623e-03 -2.068437601445291540e-01 -5.586861385766013210e-01
-4.018987341772152000e+00 4.283875160731972359e-02 3.473416855905672729e-03 -2.042493585550022861e-01 -5.490363374757903925e-01 4.186404811390215946e-02 4.732473100150539833e-03 -2.076221532609374976e-01 -5.606496564088119250e-01
-3.993670886075949333e+00 4.174612346266082241e-02 2.781140467000377259e-03 -2.024958638770672226e-01 -5.613565784180856166e-01 4.073899231648916291e-02 3.021204168770554380e-03 -2.084017625640447180e-01 -5.626252630945000055e-01
-3.968354430379746667e+00 4.058615195558645111e-02 -8.583051080305846570e-04 -2.050486316775648743e-01 -5.628180633497864571e-01 3.960307347488752072e-02 1.283419493537596261e-03 -2.091825028948896548e-01 -5.646130991178019976e-01
-3.943037974683544444e+00 3.950695717856430450e-02 -3.887394158317777904e-05 -2.068859253944079213e-01 -5.604468022460199483e-01 3.845592296120271120e-02 -4.810126299548083783e-04 -2.099642843595831143e-01 -5.666133075927289875e-01
-3.917721518987341778e+00 3.801115244837179052e-02 -1.224343388935275612e-03 -2.097801867344597504e-01 -5.624867615284849798e-01 3.729717450620927827e-02 -2.272236223787188394e-03 -2.107470120538569025e-01 -5.686260343302318443e-01
-3.892405063291139111e+00 3.697308439427961224e-02 -3.199333280947489616e-03 -2.091053008698313398e-01 -5.662663230064753916e-01 3.612646443367784760e-02 -4.090408232005327514e-03 -2.115305857680331303e-01 -5.706514279073829909e-01
-3.867088607594936889e+00 3.590371703367020717e-02 -6.063334482590930843e-03 -2.093524648034725821e-01 -5.601112496584986777e-01 3.494343183552056642e-02 -5.935699088648244137e-03 -2.123148996706929192e-01 -5.726896397387623017e-01
-3.841772151898734222e+00 3.453779128440336715e-02 -8.054420662040904372e-03 -2.108352997368976578e-01 -5.654886594673758093e-01 3.374771869370713634e-02 -7.808293257401322483e-03 -2.130998419691711165e-01 -5.747408241501427151e-01
-3.816455696202531556e+00 3.357352357079490535e-02 -7.791006869486371417e-03 -2.113916716681122632e-01 -5.690402678538103443e-01 3.253896995468844033e-02 -9.708389750752817113e-03 -2.138852945447835829e-01 -5.768051384545500593e-01
-3.791139240506328889e+00 3.230887948331513659e-02 -1.012552942924253851e-02 -2.150251258387258224e-01 -5.737892567664848453e-01 3.131683356177353966e-02 -1.163620263646784718e-02 -2.146711325604739040e-01 -5.788827430307870170e-01
-3.765822784810126667e+00 3.080805059752400252e-02 -1.104290160849319413e-02 -2.160849056754572395e-01 -5.804092462185834744e-01 3.008096045057422063e-02 -1.359196153912040766e-02 -2.154572240383131609e-01 -5.809738014045318089e-01
-3.740506329113924000e+00 2.966563996297971045e-02 -1.296570634756876242e-02 -2.151594382072196943e-01 -5.815319421926620214e-01 2.883100451225515531e-02 -1.557591214433420683e-02 -2.162434294040042893e-01 -5.830784803320954168e-01
-3.715189873417721778e+00 2.854045741983463752e-02 -1.493202039621911725e-02 -2.183327974162311280e-01 -5.769411129392725268e-01 2.756662252894246518e-02 -1.758831671333415878e-02 -2.170296009951961924e-01 -5.851969498869422637e-01
-3.689873417721519111e+00 2.767696523691088456e-02 -1.736686219137165144e-02 -2.210679195659829566e-01 -5.753742498752096868e-01 2.628747408524926416e-02 -1.962945461537614344e-02 -2.178155825300748527e-01 -5.873293835490936976e-01
-3.664556962025316444e+00 2.637710123902038337e-02 -1.915346674054444961e-02 -2.197031244243815018e-01 -5.820969312593149425e-01 2.499322145948441182e-02 -2.169962288566280179e-02 -2.186012085322517062e-01 -5.894759582975249712e-01
-3.639240506329113778e+00 2.514823905862042033e-02 -2.160562642553331969e-02 -2.193174999274983272e-01 -5.888031733802659984e-01 2.368352949773016095e-02 -2.379913681644990620e-02 -2.193863037074995359e-01 -5.916368547056651828e-01
-3.613924050632911555e+00 2.361900579631548425e-02 -2.363341184355239114e-02 -2.217603021801667906e-01 -5.903825863573602950e-01 2.235806547361053956e-02 -2.592833058923020920e-02 -2.201706822673623332e-01 -5.938122570401298539e-01
-3.588607594936708889e+00 2.251329120308237855e-02 -2.592973386755082627e-02 -2.227419769495457558e-01 -5.919988644246870768e-01 2.101649893622497753e-02 -2.808755795616641598e-02 -2.209541471939911739e-01 -5.960023533628289183e-01
-3.563291139240506222e+00 2.078920737845317210e-02 -2.753198613196433317e-02 -2.262224694798892488e-01 -5.808977126640187949e-01 1.965850154840022984e-02 -3.027719297933843465e-02 -2.217364894399094233e-01 -5.982073356365580352e-01
-3.537974683544304000e+00 1.966539041218275802e-02 -2.951147246741374353e-02 -2.259779150596204766e-01 -5.879677051968300594e-01 1.828374691710570391e-02 -3.249763083689604509e-02 -2.225174870555158557e-01 -6.004273998342485319e-01
-3.512658227848101333e+00 1.831793825141510637e-02 -3.319278076606572980e-02 -2.319114655259917335e-01 -5.839934083396062237e-01 1.689191041760740308e-02 -3.474928870588595009e-02 -2.232969042362413503e-01 -6.026627460519975443e-01
-3.487341772151898667e+00 1.706806125763920060e-02 -3.436375700392334254e-02 -2.345976836846859204e-01 -5.831475422251601870e-01 1.548266901267125913e-02 -3.703260673236555972e-02 -2.240744902801416472e-01 -6.049135786260614323e-01
-3.462025316455696000e+00 1.583232518145114356e-02 -3.663381295355126743e-02 -2.285342964403489774e-01 -5.975398329658431207e-01 1.405570106789952659e-02 -3.934804910046182935e-02 -2.248499784454517092e-01 -6.071801062539355920e-01
-3.436708860759493778e+00 1.407839704491718746e-02 -3.931154641199641891e-02 -2.285607084718984661e-01 -6.043293094248267661e-01 1.261068616406348618e-02 -4.169610521331034575e-02 -2.256230846961246594e-01 -6.094625421197585879e-01
-3.411392405063291111e+00 1.284804756794274971e-02 -4.107880626568324867e-02 -2.281969690924154359e-01 -5.945037285401127969e-01 1.114730490710831579e-02 -4.407729100034935010e-02 -2.263935063216772903e-01 -6.117611040241474063e-01
-3.386075949367088889e+00 1.138991790726247288e-02 -4.468289115585548366e-02 -2.302429707452445795e-01 -6.045221981362985941e-01 9.665238736325970290e-03 -4.649215036728881340e-02 -2.271609204156103956e-01 -6.140760145186929808e-01
-3.360759493670886222e+00 9.867078947339867623e-03 -4.672911900740167601e-02 -2.315434611946410315e-01 -6.096142696409738715e-01 8.164169731029385230e-03 -4.894125680731740979e-02 -2.279249821943060139e-01 -6.164075010453315961e-01
-3.335443037974683556e+00 8.477500637181747262e-03 -4.828526908819755215e-02 -2.304684580242408742e-01 -6.157977932225896511e-01 6.643780415921423342e-03 -5.142521519475565239e-02 -2.286853231354981364e-01 -6.187557960807529289e-01
-3.310126582278480889e+00 6.852804573788492948e-03 -4.987165703655874888e-02 -2.321452740776524526e-01 -6.085926096928838680e-01 5.103753565210310782e-03 -5.394466378556478370e-02 -2.294415489120952001e-01 -6.211211372860926394e-01
-3.284810126582278222e+00 5.110769325837118821e-03 -5.221691199416388096e-02 -2.345697934023074360e-01 -6.184375959444393667e-01 3.543772005409234847e-03 -5.650027645294358053e-02 -2.301932370931819016e-01 -6.235037676621512093e-01
-3.259493670886076000e+00 3.844739600956440656e-03 -5.523797567815891263e-02 -2.325623496502073895e-01 -6.234919923031548850e-01 1.963518416635020355e-03 -5.909276519083405538e-02 -2.309399345793508862e-01 -6.259039357103439727e-01
-3.234177215189873333e+00 2.416185412931842746e-03 -5.798980533802745863e-02 -2.322808660300933192e-01 -6.258718249989247973e-01 3.626751321226520317e-04 -6.172288292369222662e-02 -2.316811547338472888e-01 -6.283218955996688893e-01
-3.208860759493671111e+00 7.300922643147904345e-04 -6.031496141272137124e-02 -2.347709955332337728e-01 -6.263413535530107934e-01 -1.259076064432591889e-03 -6.439142666754776867e-02 -2.324163741642957526e-01 -6.307579073399444125e-01
-3.183544303797468444e+00 -6.659145409958697193e-04 -6.246168808077390971e-02 -2.388103628484536112e-01 -6.239622334096954770e-01 -2.902054144187655570e-03 -6.709924109547703297e-02 -2.331450291015418619e-01 -6.332122369616008939e-01
-3.158227848101265778e+00 -2.472792139190087973e-03 -6.535557579141618167e-02 -2.447435322751402853e-01 -6.108630772940741860e-01 -4.566579041692891625e-03 -6.984722257045365701e-02 -2.338665113122480044e-01 -6.356851567023230620e-01
-3.132911392405063111e+00 -4.322773209270117101e-03 -6.809067899175978711e-02 -2.450062351938585015e-01 -6.182692991863885101e-01 -6.252971867328534043e-03 -7.263632372058233255e-02 -2.345801634697481652e-01 -6.381769452008517751e-01
-3.107594936708860889e+00 -5.908109324846328586e-03 -7.013011741507285679e-02 -2.416625994415421141e-01 -6.286910423307076057e-01 -7.961555124392052582e-03 -7.546755864652099355e-02 -2.352852738927865839e-01 -6.406878876982629034e-01
-3.082278481012658222e+00 -7.540337133663241320e-03 -7.238970479853197582e-02 -2.404616682873026434e-01 -6.326594811271287755e-01 -9.692652931685225015e-03 -7.834200886916323214e-02 -2.359810705434182698e-01 -6.432182762471091442e-01
-3.056962025316456000e+00 -8.882641397033111397e-03 -7.650774388038876495e-02 -2.401668542562152842e-01 -6.439424120821710673e-01 -1.144659125254268890e-02 -8.126083014837053031e-02 -2.366667141525304607e-01 -6.457684099287185342e-01
-3.031645569620253333e+00 -1.055509279356073998e-02 -7.918085220090950727e-02 -2.415270957152024223e-01 -6.427689658773854120e-01 -1.322369813134401106e-02 -8.422526033194074890e-02 -2.373412903129987206e-01 -6.483385950791180630e-01
-3.006329113924050667e+00 -1.212694628401038768e-02 -8.173494152709312455e-02 -2.410603226001000188e-01 -6.488844122661674430e-01 -1.502430393864955666e-02 -8.723662842974368170e-02 -2.380038003446033890e-01 -6.509291455238970237e-01
-2.981012658227848000e+00 -1.402354413731548427e-02 -8.493167308656290881e-02 -2.437041567558987376e-01 -6.446773695592785680e-01 -1.684874162622213706e-02 -9.029636515328001711e-02 -2.386531506894503107e-01 -6.535403828225215817e-01
-2.955696202531645334e+00 -1.634630848700281344e-02 -8.711449992359718286e-02 -2.452087170214125866e-01 -6.473061328402794912e-01 -1.869734699329750685e-02 -9.340601521881168601e-02 -2.392881405386229621e-01 -6.561726365224969104e-01
-2.930379746835443111e+00 -1.804036692146426465e-02 -8.916899601102971917e-02 -2.468493949248850017e-01 -6.483353347960733037e-01 -2.057045896561330439e-02 -9.656725178678879362e-02 -2.399074473160928422e-01 -6.588262444238585092e-01
-2.905063291139240444e+00 -1.978181954032777121e-02 -9.227100487502089277e-02 -2.463353411848465402e-01 -6.581048902369391884e-01 -2.246841988883587979e-02 -9.978189350719959827e-02 -2.405096095489148711e-01 -6.615015528545344914e-01
-2.879746835443038222e+00 -2.140882461527581979e-02 -9.524850774904118633e-02 -2.484764025041270585e-01 -6.520616801809392404e-01 -2.439157583817629441e-02 -1.030519247675498878e-01 -2.410930065254791310e-01 -6.641989169570530205e-01
-2.854430379746835555e+00 -2.345728065900771347e-02 -9.888846327329771368e-02 -2.483079066012666425e-01 -6.577457958498420520e-01 -2.634027694617084581e-02 -1.063795199086025600e-01 -2.416558339750460305e-01 -6.669187009872068472e-01
-2.829113924050632889e+00 -2.509281918993670757e-02 -1.043763595493692187e-01 -2.469620090691552750e-01 -6.603840717597317944e-01 -2.831487775076960492e-02 -1.097670723985816749e-01 -2.421960747760152910e-01 -6.696612786252506000e-01
-2.803797468354430222e+00 -2.763436585089995567e-02 -1.061801750516492421e-01 -2.466852384929809072e-01 -6.666684538331593135e-01 -3.031573756610427689e-02 -1.132172302623757482e-01 -2.427114633943906197e-01 -6.724270333002488886e-01
-2.778481012658227556e+00 -2.898845309297328615e-02 -1.087273932877912130e-01 -2.495522103384039680e-01 -6.651397657255100349e-01 -3.234322087852817273e-02 -1.167329394821985528e-01 -2.431994423337278666e-01 -6.752163585282688896e-01
-2.753164556962025333e+00 -3.077065621151500036e-02 -1.110481073239237004e-01 -2.508105749323304434e-01 -6.724371528634063289e-01 -3.439769777078346968e-02 -1.203174976709750627e-01 -2.436571082928328802e-01 -6.780296582651126336e-01
-2.727848101265823111e+00 -3.284811287162652665e-02 -1.158274685466790244e-01 -2.511291057822947481e-01 -6.704414430631091548e-01 -3.647954437745022649e-02 -1.239746211467280118e-01 -2.440811449001852595e-01 -6.808673472743224098e-01
-2.702531645569620444e+00 -3.468565331749615122e-02 -1.176367362104638881e-01 -2.531564768446644131e-01 -6.811064402343692814e-01 -3.858914337514845333e-02 -1.277085297257515017e-01 -2.444677377042395738e-01 -6.837298515112975039e-01
-2.677215189873417778e+00 -3.739262533212411865e-02 -1.208844067901777286e-01 -2.530116041116927672e-01 -6.826644228030586126e-01 -4.072688451134238996e-02 -1.315240552954744235e-01 -2.448124653553156449e-01 -6.866176085243200777e-01
-2.651898734177215111e+00 -3.961911051531781525e-02 -1.247099538145021447e-01 -2.546163751257455310e-01 -6.747889610377569847e-01 -4.289316517600891276e-02 -1.354267828359463910e-01 -2.451101583063403089e-01 -6.895310678734201115e-01
-2.626582278481012445e+00 -4.106909287567131472e-02 -1.280960255583103724e-01 -2.524375930835602300e-01 -6.877759076919562897e-01 -4.508839102089800405e-02 -1.394232365524987749e-01 -2.453547123656698581e-01 -6.924706915680205466e-01
-2.601265822784810222e+00 -4.339030411676617072e-02 -1.312855179437810160e-01 -2.531157097919271015e-01 -6.855601066105421193e-01 -4.731297663165805883e-02 -1.435211300593234041e-01 -2.455388381575000500e-01 -6.954369545243814787e-01
-2.575949367088607556e+00 -4.516493939624729309e-02 -1.351584159364474236e-01 -2.580777759519146120e-01 -6.920550674725723939e-01 -4.956734625868573080e-02 -1.477297097168215056e-01 -2.456537173817106845e-01 -6.984303450439037775e-01
-2.550632911392405333e+00 -4.750975844127461323e-02 -1.389185786890929086e-01 -2.572778944574399818e-01 -6.932162066277295365e-01 -5.185193461326027820e-02 -1.520602372475068631e-01 -2.456885197423917533e-01 -7.014513653134832882e-01
-2.525316455696202667e+00 -4.972169492944616964e-02 -1.439071918284869356e-01 -2.535370397606356851e-01 -6.986739472108491888e-01 -5.416718773629742439e-02 -1.565266874050801615e-01 -2.456297047637215070e-01 -7.045005319290813528e-01
-2.500000000000000000e+00 -5.203449846564190545e-02 -1.454599650181397641e-01 -2.562802744108172992e-01 -7.083596909307389167e-01 -5.651356394795623017e-02 -1.611467905440358561e-01 -2.454599786382635485e-01 -7.075783764438705603e-01
