-4.500000000000000000e+00 6.213470510861576063e-02 3.009193014515989389e-02 -1.980602027198356263e-01 -5.007485987505445602e-01 6.166530071579580385e-02 3.232207595474773099e-02 -1.931151186431214473e-01 -5.252640238667412032e-01
-4.435483870967741993e+00 5.955256741161506218e-02 2.814085642929165659e-02 -1.872301886884651656e-01 -5.079228151668186975e-01 5.914026989451418026e-02 2.915686641109847474e-02 -1.950206788289160775e-01 -5.297874336012718954e-01
-4.370967741935483986e+00 5.705667317471921351e-02 2.597695668697686325e-02 -1.985298072687755599e-01 -5.126078969443169653e-01 5.658453109643517970e-02 2.582781369132039484e-02 -1.969399912974074685e-01 -5.343764660089835861e-01
-4.306451612903225978e+00 5.417789158756997764e-02 2.359059021797130229e-02 -1.994330744582796522e-01 -5.272872514985647019e-01 5.399315308826531379e-02 2.233365979157685491e-02 -1.988724556898938955e-01 -5.390328862452322678e-01
-4.241935483870967971e+00 5.175196098720648286e-02 2.011763877758918420e-02 -2.013500100792814385e-01 -5.394863175210651285e-01 5.136068097835435470e-02 1.867341212555108376e-02 -2.008173796471815764e-01 -5.437585370244244487e-01
-4.177419354838709964e+00 4.958766083479164422e-02 1.331471726828814192e-02 -2.076765936251706302e-01 -5.223923925105450339e-01 4.868129019821749309e-02 1.484617125460500377e-02 -2.027739664828054622e-01 -5.485553433456672456e-01
-4.112903225806451957e+00 4.682836474558163542e-02 8.700777668438738205e-03 -1.988981813469088700e-01 -5.414626729847065167e-01 4.594892628289523606e-02 1.085097055637340366e-02 -2.047413008866250661e-01 -5.534253175812700043e-01
-4.048387096774193949e+00 4.405229988681808040e-02 7.522390907136102672e-03 -2.081771626994592117e-01 -5.538199654418737294e-01 4.315742232007999807e-02 6.686635552958563287e-03 -2.067183322712741744e-01 -5.583705649616061972e-01
-3.983870967741935498e+00 4.139606526773126349e-02 3.942421607596068717e-03 -2.093217005937481057e-01 -5.610527488374522642e-01 4.030059070912705987e-02 2.351665753473768366e-03 -2.087038552808419822e-01 -5.633932894933073587e-01
-3.919354838709677491e+00 3.845949008785403550e-02 -1.295642530514045515e-03 -2.081887741964373595e-01 -5.652257638863364964e-01 3.737228955537851005e-02 -2.155861940960472536e-03 -2.106964868612133668e-01 -5.684958003518872927e-01
-3.854838709677419484e+00 3.497560049963155393e-02 -6.454831678489616337e-03 -2.107993677817869005e-01 -5.717779892628168659e-01 3.436646637837316443e-02 -6.838371733471085290e-03 -2.126946391354589960e-01 -5.736805187944068463e-01
-3.790322580645161032e+00 3.168643670828291681e-02 -8.923682046683860392e-03 -2.147125183265538306e-01 -5.750632380197920890e-01 3.127718296671228027e-02 -1.169885415465403943e-02 -2.146964871228971838e-01 -5.789499856428946822e-01
-3.725806451612903025e+00 2.884210359783249272e-02 -1.379368837842342987e-02 -2.184379334493961322e-01 -5.752860809633764116e-01 2.809862547551792225e-02 -1.674092337676269526e-02 -2.166999300686161534e-01 -5.843068693951060100e-01
-3.661290322580645018e+00 2.544052739080289449e-02 -1.959850761387073662e-02 -2.190875375508754275e-01 -5.847961014429713389e-01 2.482510356689908090e-02 -2.196887205583095137e-02 -2.187025447856064952e-01 -5.897539750256468594e-01
-3.596774193548387011e+00 2.256491233252211348e-02 -2.463360393424609066e-02 -2.208926344072250081e-01 -5.900613486404711061e-01 2.145104181483988709e-02 -2.738772905933778076e-02 -2.207015289162199967e-01 -5.952942535480220121e-01
-3.532258064516129004e+00 1.924022293492065952e-02 -3.044890283368663006e-02 -2.265033945611951982e-01 -5.944111712536163106e-01 1.797096592536430448e-02 -3.300332545318443445e-02 -2.226936313378039545e-01 -6.009308124165353426e-01
-3.467741935483870996e+00 1.570446764221140878e-02 -3.677804700641582047e-02 -2.291422255837849142e-01 -5.935850059220658670e-01 1.437948567545722749e-02 -3.882237443208498562e-02 -2.246750659850820508e-01 -6.066669268566196038e-01
-3.403225806451612989e+00 1.260614664761887382e-02 -4.220642699019619415e-02 -2.348023305680857764e-01 -5.982693033983010888e-01 1.067127590641588596e-02 -4.485257166676689944e-02 -2.266414040109461514e-01 -6.125060522231009497e-01
-3.338709677419354982e+00 8.828910924275821387e-03 -4.914197332886384439e-02 -2.315271712865687170e-01 -6.082802627325407663e-01 6.841056437198413630e-03 -5.110272402827729932e-02 -2.285874372573281632e-01 -6.184518374984806499e-01
-3.274193548387096975e+00 5.087752297823232295e-03 -5.370350278842329905e-02 -2.324613811289581444e-01 -6.132883432453530848e-01 2.883571387078860855e-03 -5.758291715031581964e-02 -2.305070031389355734e-01 -6.245081400576525388e-01
-3.209677419354838968e+00 1.097705825534634611e-03 -6.017731238466833554e-02 -2.356221720237175188e-01 -6.200684137384087080e-01 -1.206431900218851066e-03 -6.430473631385727473e-02 -2.323927567312665809e-01 -6.306790418419775390e-01
-3.145161290322580960e+00 -2.894604046611206488e-03 -6.677014278146188586e-02 -2.380383312307952914e-01 -6.284244831261968089e-01 -5.434224375412162814e-03 -7.128156154621216600e-02 -2.342358692201529646e-01 -6.369688671047246675e-01
-3.080645161290322509e+00 -7.589549713393459879e-03 -7.318855790844271125e-02 -2.405981409974563279e-01 -6.289177734381280471e-01 -9.805117485456350812e-03 -7.852896812709994623e-02 -2.360256213862239882e-01 -6.433822019117376723e-01
-3.016129032258064502e+00 -1.191449519935564721e-02 -8.017736833081601233e-02 -2.431646002105211923e-01 -6.306110840432086473e-01 -1.432448647025931325e-02 -8.606528061108582872e-02 -2.377488437224250795e-01 -6.499239156067824208e-01
-2.951612903225806495e+00 -1.637397235448398783e-02 -8.731856870071047494e-02 -2.445551853200125525e-01 -6.427070403396005771e-01 -1.899779533208242194e-02 -9.391235711420774235e-02 -2.393891259942324268e-01 -6.565991844804603961e-01
-2.887096774193548487e+00 -2.042330603575091136e-02 -9.548465940953099196e-02 -2.448390680898785976e-01 -6.614627865975785115e-01 -2.383062423098717200e-02 -1.020967309724413186e-01 -2.409256685349160654e-01 -6.634135179161468887e-01
-2.822580645161290480e+00 -2.575566006449329232e-02 -1.025941747409084143e-01 -2.489822087079487101e-01 -6.607386958865897331e-01 -2.882870026181262937e-02 -1.106513296007730351e-01 -2.423315546658796060e-01 -6.703727873265972192e-01
-2.758064516129032029e+00 -3.061119181950526513e-02 -1.127605194040078307e-01 -2.513201293220040933e-01 -6.712956766644169182e-01 -3.399793281551605900e-02 -1.196181708211198208e-01 -2.435710429695441548e-01 -6.774832582422490868e-01
-2.693548387096774022e+00 -3.667184112083218123e-02 -1.174862199873738799e-01 -2.543856513975580880e-01 -6.686591696834741638e-01 -3.934445504299077800e-02 -1.290528126168265233e-01 -2.445951021655707047e-01 -6.847516259677437489e-01
-2.629032258064516014e+00 -4.148919182767335512e-02 -1.258263279510361266e-01 -2.557400755455297992e-01 -6.775851232371530308e-01 -4.487467335225390347e-02 -1.390321832242526201e-01 -2.453335600084102786e-01 -6.921850552891093411e-01
-2.564516129032258007e+00 -4.604827891749760371e-02 -1.358171141078994837e-01 -2.572560213465804324e-01 -6.917551713837907235e-01 -5.059532742049199783e-02 -1.496695664771128531e-01 -2.456800891065639147e-01 -6.997912247919286788e-01
-2.500000000000000000e+00 -5.168716548562616447e-02 -1.452077724345840759e-01 -2.586787121580565452e-01 -7.044829193320296667e-01 -5.651356394795623017e-02 -1.611467905440358561e-01 -2.454599786382635485e-01 -7.075783764438705603e-01
