-4.500000000000000000e+00 6.080135228907872919e-02 3.240249021338453134e-02 -1.954251869829150279e-01 -5.071415083918050515e-01 6.166530071579580385e-02 3.232207595474773099e-02 -1.931151186431214473e-01 -5.252640238667412032e-01
-4.468253968253968367e+00 6.119233186603440650e-02 3.114786335703688402e-02 -1.932268097500281778e-01 -5.225961229717940304e-01 6.042637797925811544e-02 3.078497284402681444e-02 -1.940510222471121538e-01 -5.274817358362724473e-01
-4.436507936507936734e+00 5.989884502296333180e-02 2.930897489246477722e-02 -1.900383665454129511e-01 -5.220595456713365001e-01 5.918057737693119963e-02 2.920838371332112535e-02 -1.949903229550018491e-01 -5.297151254675731558e-01
-4.404761904761905100e+00 5.853515582029530234e-02 2.850809800071096856e-02 -1.937867930313691978e-01 -5.171493254365943093e-01 5.792736972915307064e-02 2.759212263893158143e-02 -1.959329568355164253e-01 -5.319643963300878520e-01
-4.373015873015873467e+00 5.748562755061939478e-02 2.685487085886821557e-02 -1.967835566404883274e-01 -5.257004742522671803e-01 5.666618581073838007e-02 2.593602958891202959e-02 -1.968788552089755783e-01 -5.342297562764417584e-01
-4.341269841269840946e+00 5.611457050987934264e-02 2.520609307036247859e-02 -1.988197558966932899e-01 -5.283964415241194645e-01 5.539642083208643625e-02 2.423996548479688887e-02 -1.978279443520877812e-01 -5.365114175665957053e-01
-4.309523809523809312e+00 5.485276823431090021e-02 2.315273165552213588e-02 -2.005165198011548411e-01 -5.220371640657271994e-01 5.411743902035059256e-02 2.250380713817422620e-02 -1.987801451814018017e-01 -5.388095969965185361e-01
-4.277777777777777679e+00 5.360472032436137263e-02 2.174272558445843398e-02 -2.029667665085985451e-01 -5.189261290076579991e-01 5.282857818184116816e-02 2.072744217893464011e-02 -1.997353729135376843e-01 -5.411245160315265590e-01
-4.246031746031746046e+00 5.229113847176238006e-02 1.941856671877618262e-02 -2.002347757484893298e-01 -5.354285999500097981e-01 5.152915414198196153e-02 1.891076407670347001e-02 -2.006935367001535242e-01 -5.434564009445701505e-01
-4.214285714285714413e+00 5.103168624369716633e-02 1.835752811831481771e-02 -2.007145228779915191e-01 -5.341868277957438904e-01 5.021846497670166137e-02 1.705366733916243577e-02 -2.016545392353844279e-01 -5.458054829596141744e-01
-4.182539682539682779e+00 4.967372733391144102e-02 1.659341124707144552e-02 -2.009628354018761498e-01 -5.318620345872991928e-01 4.889579496774604239e-02 1.515604295211891647e-02 -2.026182763332321224e-01 -5.481719984003692314e-01
-4.150793650793651146e+00 4.805711139207439336e-02 1.420948017299905955e-02 -2.016803093320372886e-01 -5.477647361979564034e-01 4.756041823281902114e-02 1.321777410747821194e-02 -2.035846364721257129e-01 -5.505561888446225405e-01
-4.119047619047618625e+00 4.672428713639866643e-02 1.290322906657517810e-02 -2.026408654404527054e-01 -5.492460192429758914e-01 4.621160199873790980e-02 1.123873224767729488e-02 -2.045535003035547361e-01 -5.529583012843850565e-01
-4.087301587301586991e+00 4.540690418784273930e-02 8.387284414672492583e-03 -2.093693212357918276e-01 -5.410982847902435777e-01 4.484860950125030277e-02 9.218773439322008878e-03 -2.055247401213335934e-01 -5.553785882921424832e-01
-4.055555555555555358e+00 4.420720718779240499e-02 5.976765608292147758e-03 -2.058213514174697112e-01 -5.366262548952821509e-01 4.347070250837666711e-02 7.157735075147172478e-03 -2.064982192876524958e-01 -5.578173081934865163e-01
-4.023809523809523725e+00 4.280949904912728643e-02 6.148575721597337312e-03 -2.029255314129692622e-01 -5.491632029222403011e-01 4.207714347494204837e-02 5.055432892158276403e-03 -2.074737916116175251e-01 -5.602747252463962102e-01
-3.992063492063492092e+00 4.147079590819979789e-02 3.987835227678003525e-03 -2.068135916107875505e-01 -5.532866124504747241e-01 4.066719734434843386e-02 2.911658284912098816e-03 -2.084513006754853404e-01 -5.627511098275027601e-01
-3.960317460317460458e+00 3.983873645609011666e-02 1.941556127509794921e-03 -2.038363197799921700e-01 -5.610825244335738704e-01 3.924013301975158574e-02 7.261758861766083508e-04 -2.094305791032024244e-01 -5.652467386256334603e-01
-3.928571428571428825e+00 3.896304958201464441e-02 -3.761911084804510363e-03 -2.111002826218730255e-01 -5.520876204597512382e-01 3.779522453090058270e-02 -1.501278617551313676e-03 -2.104114477651839732e-01 -5.677618948430083190e-01
-3.896825396825396748e+00 3.678132870543678046e-02 -7.976957024672767099e-03 -2.081223273872088442e-01 -5.509478438209142181e-01 3.633175192524405045e-02 -3.771000471323556619e-03 -2.113937149125187098e-01 -5.702968684044007475e-01
-3.865079365079365115e+00 3.563685487534498653e-02 -5.059652105579428433e-03 -2.126444200346308266e-01 -5.540039515036503381e-01 3.484900191283368115e-02 -6.083317675274792224e-03 -2.123771752328975637e-01 -5.728519561746927558e-01
-3.833333333333333481e+00 3.407993507181972248e-02 -7.234760721968984398e-03 -2.130167660966154619e-01 -5.687287201688773219e-01 3.334626829434036294e-02 -8.438592684693938667e-03 -2.133616088195477434e-01 -5.754274621851843685e-01
-3.801587301587301404e+00 3.306586975058635469e-02 -9.930486394474455358e-03 -2.133792632491122443e-01 -5.705268674494500258e-01 3.182285220044457630e-02 -1.083722402503714197e-02 -2.143467800432860282e-01 -5.780236978690868055e-01
-3.769841269841269771e+00 3.160307150843203600e-02 -1.178663609072522558e-02 -2.162952856276902647e-01 -5.592714473942015374e-01 3.027806216919765384e-02 -1.327964785999241441e-02 -2.153324363164484945e-01 -5.806409823066593923e-01
-3.738095238095238138e+00 2.995574581838886946e-02 -1.390974742498604297e-02 -2.182153469739761265e-01 -5.720092006322057276e-01 2.871121408588036064e-02 -1.576633955023309247e-02 -2.163183067358839251e-01 -5.832796424804360669e-01
-3.706349206349206504e+00 2.817421081552048956e-02 -1.626917875012818399e-02 -2.181003775977519155e-01 -5.747056090949881346e-01 2.712163100760197829e-02 -1.829781524005606383e-02 -2.173041005903417200e-01 -5.859400135410539612e-01
-3.674603174603174871e+00 2.661312519024849887e-02 -1.940893637939046165e-02 -2.196864774395151654e-01 -5.826226022115531533e-01 2.550864289248123973e-02 -2.087463350887535860e-02 -2.182895057154560225e-01 -5.886224390842007548e-01
-3.642857142857142794e+00 2.524467007423031664e-02 -2.274801976431436654e-02 -2.182843244536276373e-01 -5.807418337290297661e-01 2.387158625086869407e-02 -2.349739712469178440e-02 -2.192741866769941927e-01 -5.913272714392299179e-01
-3.611111111111111160e+00 2.344563368734288791e-02 -2.346321987334436254e-02 -2.284749306759422671e-01 -5.786691154213609023e-01 2.220980373375483138e-02 -2.616675493733339186e-02 -2.202577827600754601e-01 -5.940548719700412539e-01
-3.579365079365079527e+00 2.099149329274371117e-02 -2.612954575703273219e-02 -2.203869835118489606e-01 -5.896944138197051100e-01 2.052264367131846276e-02 -2.888340395060192550e-02 -2.212399057385499301e-01 -5.968056113888359215e-01
-3.547619047619047450e+00 1.951079056398672892e-02 -2.872143684005042455e-02 -2.220792953339998099e-01 -5.966993557701354423e-01 1.880945957253669573e-02 -3.164809161460942905e-02 -2.222201373945619785e-01 -5.995798700834096273e-01
-3.515873015873015817e+00 1.773944218677522139e-02 -3.129024014651904384e-02 -2.228643555401690346e-01 -5.993832854089728990e-01 1.706960959491236884e-02 -3.446161838270424965e-02 -2.231980267533856810e-01 -6.023780384586716607e-01
-3.484126984126984183e+00 1.580849411953896139e-02 -3.414646576713305237e-02 -2.219266882625581805e-01 -5.993288491699472198e-01 1.530245599168909669e-02 -3.732484058165263380e-02 -2.241730869926529535e-01 -6.052005172931382848e-01
-3.452380952380952550e+00 1.512881717074113577e-02 -3.775692267418457454e-02 -2.277341011979323870e-01 -5.853422207332088512e-01 1.350736454240286655e-02 -4.023867364937318974e-02 -2.251447919780107387e-01 -6.080477181111633156e-01
-3.420634920634920917e+00 1.374087779716281349e-02 -3.987330630006290233e-02 -2.256817835630640368e-01 -6.015355907305486305e-01 1.168370397127020330e-02 -4.320409580179383757e-02 -2.261125723686086830e-01 -6.109200635717617622e-01
-3.388888888888888840e+00 1.171268759859477385e-02 -4.307822214994500021e-02 -2.300471413455378034e-01 -6.067354327019406357e-01 9.830845356705475435e-03 -4.622215219964721789e-02 -2.270758112254261385e-01 -6.138179878748718510e-01
-3.357142857142857206e+00 9.502306411883237880e-03 -4.563567740825903718e-02 -2.311604865994255631e-01 -6.131978512461784270e-01 7.948161534195485184e-03 -4.929395969769725938e-02 -2.280338390427120998e-01 -6.167419371860364263e-01
-3.325396825396825573e+00 8.091938677248292078e-03 -4.903592743120899905e-02 -2.315405001383140648e-01 -6.134466469915742515e-01 6.035026493807092197e-03 -5.242071227353831825e-02 -2.289859281072617880e-01 -6.196923700804262136e-01
-3.293650793650793496e+00 6.109627001844079863e-03 -5.175428734193554536e-02 -2.316058464370765735e-01 -6.196206024221319053e-01 4.090814772762073857e-03 -5.560368725149030661e-02 -2.299312860710391870e-01 -6.226697580073563554e-01
-3.261904761904761862e+00 3.823451103218425406e-03 -5.496520390505851839e-02 -2.312151511534245862e-01 -6.246070610135322498e-01 2.114900842749411775e-03 -5.884425246017682687e-02 -2.308690485989037533e-01 -6.256745857763039709e-01
-3.230158730158730229e+00 1.691505965719257432e-03 -5.774144548482355865e-02 -2.389698922598680608e-01 -6.177242902187926044e-01 1.066584909587396131e-04 -6.214387449140451603e-02 -2.317982709234752969e-01 -6.287073520657445735e-01
-3.198412698412698596e+00 -1.751918558150974969e-04 -6.100304168630180796e-02 -2.397700897074656612e-01 -6.116894807731231287e-01 -1.934539806817024742e-03 -6.550412826463899996e-02 -2.327179181019341792e-01 -6.317685699559598689e-01
-3.166666666666666963e+00 -1.739457839561107944e-03 -6.520760806577599600e-02 -2.411001020500426473e-01 -6.145658077974923694e-01 -4.009323523256291995e-03 -6.892670814797420553e-02 -2.336268537223827046e-01 -6.348587674872621101e-01
-3.134920634920634885e+00 -4.064626022613721662e-03 -6.731563797791020876e-02 -2.392727628204299462e-01 -6.336830320276501949e-01 -6.118324729576250613e-03 -7.241344094606479154e-02 -2.345238267473196969e-01 -6.379784882450330041e-01
-3.103174603174603252e+00 -5.959306438825834329e-03 -7.032521042255047983e-02 -2.425738931082297156e-01 -6.350308580723537100e-01 -8.262178761964443161e-03 -7.596630114219637964e-02 -2.354074561045476077e-01 -6.411282919731349228e-01
-3.071428571428571619e+00 -8.471562997282945651e-03 -7.432916236390058051e-02 -2.404331288465536842e-01 -6.406352648973795416e-01 -1.044152490830418771e-02 -7.958742888123354620e-02 -2.362762125357712462e-01 -6.443087552173205612e-01
-3.039682539682539542e+00 -1.058002484727749853e-02 -7.774504434911538864e-02 -2.403814208373377947e-01 -6.419626442933467070e-01 -1.265700711969533487e-02 -8.327915131058426235e-02 -2.371283970822587739e-01 -6.475204720004150705e-01
-3.007936507936507908e+00 -1.335955172716917286e-02 -8.189736414302761780e-02 -2.400821227623030074e-01 -6.453835202537880900e-01 -1.490927475187186525e-02 -8.704400806871909202e-02 -2.379621154139522632e-01 -6.507640545311581537e-01
-2.976190476190476275e+00 -1.448968498688123566e-02 -8.626675977075756729e-02 -2.530577737743029410e-01 -6.048701383837655765e-01 -1.719898334225843789e-02 -9.088478194119260778e-02 -2.387752469774824804e-01 -6.540401339486545673e-01
-2.944444444444444642e+00 -1.667007167239911714e-02 -8.827157416461137163e-02 -2.426749078966410622e-01 -6.502048915780079819e-01 -1.952679542910361332e-02 -9.480453601553516518e-02 -2.395654076264627785e-01 -6.573493611046714591e-01
-2.912698412698413009e+00 -1.863963789131767301e-02 -9.173515311114503745e-02 -2.445639266796711675e-01 -6.551232348172751907e-01 -2.189338141989791847e-02 -9.880665909264498004e-02 -2.403299039705072693e-01 -6.606924073859830049e-01
-2.880952380952380931e+00 -2.134174629996096056e-02 -9.564165439947763803e-02 -2.472035556848630189e-01 -6.580615067512514127e-01 -2.429942051713495851e-02 -1.028949217037484348e-01 -2.410656770871967003e-01 -6.640699655793126377e-01
-2.849206349206349298e+00 -2.433867127902179794e-02 -1.003048662962768567e-01 -2.484965771767444487e-01 -6.663028760583995513e-01 -2.674560171044417650e-02 -1.070735459149585178e-01 -2.417692324073893728e-01 -6.674827507814518057e-01
-2.817460317460317665e+00 -2.617148899289293423e-02 -1.040991704660109984e-01 -2.512411885370114395e-01 -6.632172602979207188e-01 -2.923262484520034940e-02 -1.113472932940129667e-01 -2.424365513907314751e-01 -6.709315013574210784e-01
-2.785714285714285587e+00 -2.888532901985343612e-02 -1.070468047877672080e-01 -2.529294144725849347e-01 -6.621679794479801151e-01 -3.176120177897055058e-02 -1.157215771523102260e-01 -2.430629788685431669e-01 -6.744169799497220508e-01
-2.753968253968253954e+00 -3.217693042971649098e-02 -1.100218973229045161e-01 -2.487294865006460520e-01 -6.683583633359159171e-01 -3.433205763857433840e-02 -1.202026077613442545e-01 -2.436430773439672015e-01 -6.779399745419291134e-01
-2.722222222222222321e+00 -3.516362252196325588e-02 -1.151191453306131263e-01 -2.495145759047167622e-01 -6.743722963907240464e-01 -3.694593219216445873e-02 -1.247975831763293297e-01 -2.441704356040652613e-01 -6.815012995801659201e-01
-2.690476190476190688e+00 -3.639862564587438565e-02 -1.187877880728791247e-01 -2.501207744548198386e-01 -6.809491371897156142e-01 -3.960358135263336576e-02 -1.295149444362265478e-01 -2.446374128603709119e-01 -6.851017971562435305e-01
-2.658730158730159054e+00 -3.816283321235557774e-02 -1.234555353053602977e-01 -2.517882245348469494e-01 -6.831094374155348703e-01 -4.230577883083112833e-02 -1.343647237587621834e-01 -2.450347897829809607e-01 -6.887423382565367458e-01
-2.626984126984126977e+00 -4.095742890652843277e-02 -1.278168564784140371e-01 -2.564864259446885675e-01 -6.862357310323965454e-01 -4.505331795962509711e-02 -1.393590306808613344e-01 -2.453512814590489144e-01 -6.924238240810370870e-01
-2.595238095238095344e+00 -4.356531765886293567e-02 -1.315398481522402074e-01 -2.569462025265237815e-01 -6.930265217444341319e-01 -4.784701371279012627e-02 -1.445127492110949985e-01 -2.455728391875642846e-01 -6.961471874372811008e-01
-2.563492063492063711e+00 -4.694565100041155764e-02 -1.369621356689448843e-01 -2.579957220843230870e-01 -6.842116918456471186e-01 -5.068770494620051387e-02 -1.498445696306934249e-01 -2.456816174490779603e-01 -6.999133942143354048e-01
-2.531746031746031633e+00 -4.937461403329343468e-02 -1.410529343564481952e-01 -2.547239355385590986e-01 -6.903831146585386325e-01 -5.357625689283977699e-02 -1.553785743722280177e-01 -2.456543865925883141e-01 -7.037234449423809268e-01
-2.500000000000000000e+00 -5.213152637232686126e-02 -1.489574263155244438e-01 -2.538143962765999073e-01 -6.880163031046361288e-01 -5.651356394795623017e-02 -1.611467905440358561e-01 -2.454599786382635485e-01 -7.075783764438705603e-01
