-4.549999999999999822e+00 6.415522239710289010e-02 3.494714696210753091e-02 -1.911356426947613818e-01 -5.109427649596136600e-01 6.360381207954797500e-02 3.466347827562796940e-02 -1.916481013648718701e-01 -5.218024384224582146e-01
-4.530000000000000249e+00 6.343470327226150007e-02 3.433173589151516936e-02 -1.917990023269086353e-01 -5.171283093530033570e-01 6.283019988955645951e-02 3.373854514506016700e-02 -1.922338654124567670e-01 -5.231825140751843461e-01
-4.500000000000000000e+00 6.234302502174396410e-02 3.195720203277468280e-02 -1.903491575810756509e-01 -5.161097980767378468e-01 6.166530071579580385e-02 3.232207595474773099e-02 -1.931151186431214473e-01 -5.252640238667412032e-01
-4.366666666666666252e+00 5.691117070987580795e-02 2.670000011763030284e-02 -1.960889103019837487e-01 -5.312454077790875751e-01 5.641293922751287881e-02 2.560001859100444893e-02 -1.970684202274280428e-01 -5.346847775556463622e-01
-4.233333333333333393e+00 5.164731470806168540e-02 1.858611979376688719e-02 -2.010284151664254726e-01 -5.331461616631566480e-01 5.100627010278795115e-02 1.817278159647304700e-02 -2.010776027399757693e-01 -5.443939569800859690e-01
-4.099999999999999645e+00 4.595034430465035069e-02 7.636298253947008952e-03 -2.025961954000508325e-01 -5.347047379649325638e-01 4.539555489260702764e-02 1.003167694889762172e-02 -2.051359676136051691e-01 -5.544082761389674818e-01
-3.966666666666666785e+00 3.996497054187307663e-02 3.698527430374635300e-03 -2.086776075101129946e-01 -5.625826599154759577e-01 3.952695026854011195e-02 1.166621242925669445e-03 -2.092345902907588873e-01 -5.647460598303947199e-01
-3.833333333333333481e+00 3.399222623282315003e-02 -7.734831068892908043e-03 -2.133109761599848719e-01 -5.657466410517119071e-01 3.334626829434036294e-02 -8.438592684693938667e-03 -2.133616088195477434e-01 -5.754274621851843685e-01
-3.700000000000000178e+00 2.798266630062901800e-02 -1.757311627049594482e-02 -2.162355309907249834e-01 -5.691955076639755307e-01 2.680092711110520012e-02 -1.880953284677039372e-02 -2.175012231003874696e-01 -5.864747231441772568e-01
-3.566666666666666430e+00 2.101196420589590205e-02 -2.847081961440810563e-02 -2.198630021863556827e-01 -5.937164015365339331e-01 1.984052895762064908e-02 -2.998347076928557439e-02 -2.216322498488670634e-01 -5.979124709190416498e-01
-3.433333333333333570e+00 1.405377576812888094e-02 -4.124940749363986692e-02 -2.260947407358990524e-01 -6.047034082366191665e-01 1.241663679113203661e-02 -4.201167091232752698e-02 -2.257259695266635724e-01 -6.097680805049910946e-01
-3.299999999999999822e+00 6.119873912482309830e-03 -5.047178334081842827e-02 -2.319366221086172908e-01 -6.196426647942804289e-01 4.482173270868371022e-03 -5.496253017426094845e-02 -2.297427933532499300e-01 -6.220721009449312611e-01
-3.166666666666666963e+00 -1.677075677431166811e-03 -6.407126415793562568e-02 -2.360039725779554398e-01 -6.286240086012145900e-01 -4.009323523256291995e-03 -6.892670814797420553e-02 -2.336268537223827046e-01 -6.348587674872621101e-01
-3.033333333333333215e+00 -1.055674372838732999e-02 -7.830412573824890865e-02 -2.416054182801696815e-01 -6.444804041180962617e-01 -1.310449692934296737e-02 -8.402618658222493764e-02 -2.372966824304392763e-01 -6.481666193277396681e-01
-2.899999999999999911e+00 -2.009236213170813301e-02 -9.373486004635731006e-02 -2.489983643276260095e-01 -6.574108723360785334e-01 -2.285102433294140464e-02 -1.004314019211560022e-01 -2.406278450887776310e-01 -6.620392496982703268e-01
-2.766666666666666607e+00 -3.037014935763109047e-02 -1.096700776154018453e-01 -2.507502631418337957e-01 -6.767444000951484684e-01 -3.329859482329503018e-02 -1.183969499750840843e-01 -2.434169833166512364e-01 -6.765262232667526021e-01
-2.633333333333333304e+00 -4.100538863136582446e-02 -1.266643445828515013e-01 -2.579691404667859844e-01 -6.832612558408451831e-01 -4.450014401207436077e-02 -1.383479396711102538e-01 -2.452950814106562571e-01 -6.916842070302274825e-01
-2.500000000000000000e+00 -5.253533044268499791e-02 -1.462059359962819549e-01 -2.606030103367320550e-01 -7.057970698325640724e-01 -5.651356394795623017e-02 -1.611467905440358561e-01 -2.454599786382635485e-01 -7.075783764438705603e-01
