-4.549999999999999822e+00 6.299531804740615692e-02 3.513903484363600782e-02 -1.908122932388091886e-01 -5.215021740719063548e-01 6.360381207954797500e-02 3.466347827562796940e-02 -1.916481013648718701e-01 -5.218024384224582146e-01
-4.530000000000000249e+00 6.275695451110628598e-02 3.528051955217992308e-02 -1.932489696996495254e-01 -5.225969135662262843e-01 6.283019988955645951e-02 3.373854514506016700e-02 -1.922338654124567670e-01 -5.231825140751843461e-01
-4.500000000000000000e+00 6.226969284495095791e-02 3.354581536365065786e-02 -1.892679189563749587e-01 -5.244473684855781581e-01 6.166530071579580385e-02 3.232207595474773099e-02 -1.931151186431214473e-01 -5.252640238667412032e-01
-4.214285714285714413e+00 5.092306314137746981e-02 1.834276617213186078e-02 -2.006932119743999321e-01 -5.449056320215970306e-01 5.021846497670166137e-02 1.705366733916243577e-02 -2.016545392353844279e-01 -5.458054829596141744e-01
-3.928571428571428825e+00 3.812754445653826485e-02 1.327210691205293197e-03 -2.090796381823044614e-01 -5.664574853090873496e-01 3.779522453090058270e-02 -1.501278617551313676e-03 -2.104114477651839732e-01 -5.677618948430083190e-01
-3.642857142857142794e+00 2.436889775507746631e-02 -2.200040394188399612e-02 -2.167261953727197266e-01 -5.813021345370537052e-01 2.387158625086869407e-02 -2.349739712469178440e-02 -2.192741866769941927e-01 -5.913272714392299179e-01
-3.357142857142857206e+00 9.508674127872911858e-03 -4.544084520705178598e-02 -2.289441986050416988e-01 -6.099048144177199315e-01 7.948161534195485184e-03 -4.929395969769725938e-02 -2.280338390427120998e-01 -6.167419371860364263e-01
-3.071428571428571619e+00 -8.370509255420040956e-03 -7.313129973746286538e-02 -2.423070201233362975e-01 -6.412127600766572844e-01 -1.044152490830418771e-02 -7.958742888123354620e-02 -2.362762125357712462e-01 -6.443087552173205612e-01
-2.785714285714285587e+00 -2.854546989959766412e-02 -1.066378643723110697e-01 -2.528603604767893920e-01 -6.470867682586632919e-01 -3.176120177897055058e-02 -1.157215771523102260e-01 -2.430629788685431669e-01 -6.744169799497220508e-01
-2.500000000000000000e+00 -5.190572083433214745e-02 -1.450131030242547414e-01 -2.571315321455345804e-01 -6.927336988444209309e-01 -5.651356394795623017e-02 -1.611467905440358561e-01 -2.454599786382635485e-01 -7.075783764438705603e-01
