4.747434560599955592e-04
4.644915842350075220e-04
4.533949176797065061e-04
4.414404774927869297e-04
4.286181559645599196e-04
4.149211633927144590e-04
4.003465223241470879e-04
3.848956137401766345e-04
3.685747801243543153e-04
3.513959908149409499e-04
3.333775755514047025e-04
3.145450326814828502e-04
2.949319191068495061e-04
2.745808297174005970e-04
2.535444748031096137e-04
2.318868647450233859e-04
2.096846121820079606e-04
1.870283628354669657e-04
1.640243672612839662e-04
1.407962069972905632e-04
1.174866898988660284e-04
9.425993091864075073e-05
7.130363620505034367e-05
4.883161018655499764e-05
2.708650729420616546e-05
6.342852177882535835e-06
-1.308964528291032128e-05
-3.086245115486746271e-05
-4.658421277066424645e-05
-5.981637278228158356e-05
-7.006835278259314402e-05
-7.679226313877138515e-05
-7.937709099758054668e-05
-7.714231318291371283e-05
-6.933087483707280822e-05
-5.510146807585070269e-05
-3.352003753820442854e-05
-3.550431404973700710e-06
3.595589288723032272e-05
8.627120954438424619e-05
1.488040251159811742e-04
2.251128656091192632e-04
3.169214917994330025e-04
4.261357016948895426e-04
5.548618985617734083e-04
7.054276249775145178e-04
8.804042883973822514e-04
1.082632332124303359e-03
1.315249137817292623e-03
1.581719982281487797e-03
