-4.624430156966858885e-01
-1.655764801050282342e-01
6.336826135438811125e-02
9.784312722165032505e-02
-4.819928979316195905e-01
-1.743206244240242120e-01
5.622089877445159839e-02
8.648883790814464179e-02
-5.028767334477126649e-01
-1.835058959406910273e-01
4.615589453450882201e-02
7.434940071315281063e-02
-5.252640238667412032e-01
-1.931151186431214473e-01
3.232207595474773099e-02
6.166530071579580385e-02
-5.493618689388706233e-01
-2.031011357923682981e-01
1.419199680235273299e-02
4.822974061367339693e-02
-5.754274621851840354e-01
-2.133616088195477156e-01
-8.438592684693966423e-03
3.334626829434030743e-02
-6.037862136045608619e-01
-2.236859424315996159e-01
-3.588696176458323200e-02
1.618948546116157072e-02
-6.348587674872617770e-01
-2.336268537223825104e-01
-6.892670814797406675e-02
-4.009323523256324955e-03
-6.692025833137447144e-01
-2.421076959479087354e-01
-1.091982076668062546e-01
-2.798396383978582480e-02
-7.075783764438705603e-01
-2.454599786382635485e-01
-1.611467905440358561e-01
-5.651356394795623017e-02
