-5.500000000000000000e+00
-5.438775510204081343e+00
-5.377551020408163573e+00
-5.316326530612244916e+00
-5.255102040816326259e+00
-5.193877551020408490e+00
-5.132653061224489832e+00
-5.071428571428571175e+00
-5.010204081632653406e+00
-4.948979591836734748e+00
-4.887755102040816091e+00
-4.826530612244898322e+00
-4.765306122448979664e+00
-4.704081632653061007e+00
-4.642857142857143238e+00
-4.581632653061224580e+00
-4.520408163265305923e+00
-4.459183673469388154e+00
-4.397959183673469497e+00
-4.336734693877550839e+00
-4.275510204081632182e+00
-4.214285714285714413e+00
-4.153061224489795755e+00
-4.091836734693877986e+00
-4.030612244897959329e+00
-3.969387755102040671e+00
-3.908163265306122458e+00
-3.846938775510204245e+00
-3.785714285714285587e+00
-3.724489795918367374e+00
-3.663265306122449161e+00
-3.602040816326530503e+00
-3.540816326530612290e+00
-3.479591836734694077e+00
-3.418367346938775420e+00
-3.357142857142857206e+00
-3.295918367346938993e+00
-3.234693877551020336e+00
-3.173469387755102122e+00
-3.112244897959183909e+00
-3.051020408163265252e+00
-2.989795918367347038e+00
-2.928571428571428825e+00
-2.867346938775510168e+00
-2.806122448979591955e+00
-2.744897959183673741e+00
-2.683673469387755084e+00
-2.622448979591836871e+00
-2.561224489795918657e+00
-2.500000000000000000e+00
