-5.750000000000000000e+00 1.047687243419558462e-01 6.631562751583665316e-02 -1.570647879103330424e-01 -4.367151715003433909e-01 1.056732798904629761e-01 6.729695072288940927e-02 -1.593084500144542892e-01 -4.485704616228786135e-01
-5.326923076923076650e+00 9.246806974012919400e-02 5.854230342075635030e-02 -1.646731953818835470e-01 -4.664480890847517713e-01 9.206557934539327803e-02 5.996764871563032423e-02 -1.700613400467184400e-01 -4.724366781430734408e-01
-4.903846153846154188e+00 7.753919637284611976e-02 4.791853073923576373e-02 -1.758888060858070368e-01 -4.929583869413107777e-01 7.696685379653357695e-02 4.857304599848573379e-02 -1.815265847653740605e-01 -4.983398251520506639e-01
-4.480769230769230838e+00 6.046896958681861889e-02 3.258796274141749494e-02 -1.903026663898901294e-01 -5.173731623857548145e-01 6.091559276607542289e-02 3.139564978540250462e-02 -1.936816512169547699e-01 -5.266055846841037891e-01
-4.057692307692307487e+00 4.270355076723450494e-02 5.897688148529884461e-03 -1.981781730574011802e-01 -5.532507994173976318e-01 4.356392931874693980e-02 7.297751844799164542e-03 -2.064326292638460347e-01 -5.576525796893645470e-01
-3.634615384615384581e+00 2.503251675623271999e-02 -2.226044558543177274e-02 -2.167066197630375113e-01 -5.892380928420665187e-01 2.344256468116545297e-02 -2.418589815927841072e-02 -2.195296627817892587e-01 -5.920331955123401269e-01
-3.211538461538461675e+00 8.399941044488420938e-05 -5.979157096773141111e-02 -2.364537571484971734e-01 -6.086919849079412970e-01 -1.086546413479276291e-03 -6.410733483189323678e-02 -2.323389108334346920e-01 -6.304993906679343674e-01
-2.788461538461538325e+00 -2.967807355354213500e-02 -1.063108888770131488e-01 -2.465541381536127119e-01 -6.623335041978425375e-01 -3.154072203248405037e-02 -1.153389092590101778e-01 -2.430105160585076807e-01 -6.741138806410064133e-01
-2.365384615384615419e+00 -6.572759879343691158e-02 -1.630275473570361733e-01 -2.630714119363942172e-01 -7.237923028890916877e-01 -6.953269583785269548e-02 -1.897891488730289455e-01 -2.412174783273620116e-01 -7.244490274497836779e-01
-1.942307692307692513e+00 -1.092634137400013417e-01 -2.372157160737595194e-01 -2.794103145448353365e-01 -7.798313872390768564e-01 -1.172865974725008503e-01 -2.581632898833102208e-01 -2.581632898833102208e-01 -7.839695445689121023e-01
-1.519230769230769162e+00 -1.591593551001173057e-01 -3.342262324962613773e-01 -2.865421219877202219e-01 -8.610639014294191318e-01 -1.799614797560004642e-01 -3.073738922347439284e-01 -3.073738922347443170e-01 -8.568458545867083664e-01
-1.096153846153845812e+00 -2.169827389262498629e-01 -4.548573246104269940e-01 -2.876803803566746476e-01 -9.644237445120384944e-01 -2.979756501795046697e-01 -2.979756501795048917e-01 -3.960463213282553463e-01 -9.509591152168959116e-01
-6.730769230769233502e-01 -2.739514206860523826e-01 -2.482563720896560910e-01 -6.482656570659544037e-01 -1.087208782816710739e+00 -3.069324175865635329e-01 -3.069324175865638660e-01 -6.250356465432730380e-01 -1.084245623613409482e+00
-2.500000000000000000e-01 -8.337481590626061312e-02 -2.222987759130701235e-01 -9.307471452258564426e-01 -1.364238596388117841e+00 -2.459267573594442480e-01 -2.459267573594443590e-01 -1.068948364865764500e+00 -1.317142737271894459e+00
