-5.750000000000000000e+00 1.051882555982849438e-01 6.877305162556957008e-02 -1.614294476336295414e-01 -4.305543178027256279e-01 1.056732798904629761e-01 6.729695072288940927e-02 -1.593084500144542892e-01 -4.485704616228786135e-01
-5.383333333333333748e+00 9.405157800853232442e-02 6.253518565242349725e-02 -1.716212344986272620e-01 -4.461004024288367509e-01 9.397844578133922322e-02 6.114457632544111065e-02 -1.685864758795444784e-01 -4.691430692608374864e-01
-5.016666666666666607e+00 8.182057629082463424e-02 5.087455822168500397e-02 -1.815008795600432656e-01 -4.775124278619011231e-01 8.110356152796636964e-02 5.210643529636709015e-02 -1.783999322702877199e-01 -4.912161618091926973e-01
-4.650000000000000355e+00 6.797029197372773945e-02 3.890221308311417325e-02 -1.885302033166494362e-01 -5.062869627954572627e-01 6.743947700878977214e-02 3.905843137295190309e-02 -1.887406083517218780e-01 -5.149914468267506873e-01
-4.283333333333333215e+00 5.387685304901147082e-02 1.809536240943013588e-02 -1.963585743325435007e-01 -5.305290331265898329e-01 5.305487176366162350e-02 2.104121317959423490e-02 -1.995679934643647679e-01 -5.407181869366416427e-01
-3.916666666666666963e+00 3.803099580974106386e-02 -8.046813885400766475e-04 -2.128751124788874072e-01 -5.623116047175447108e-01 3.724863624842425502e-02 -2.347454223252131312e-03 -2.107796447817225638e-01 -5.687101717923760402e-01
-3.550000000000000266e+00 2.012511054648742290e-02 -2.931192993327110322e-02 -2.248892090856761117e-01 -5.921745412676855391e-01 1.893886540061104698e-02 -3.143905620945439128e-02 -2.221466954569844554e-01 -5.993709762280280406e-01
-3.183333333333333570e+00 -1.336376863082404387e-03 -6.288866605626070028e-02 -2.380726395085905056e-01 -6.253444994384935729e-01 -2.915835709663400395e-03 -6.712197369035292904e-02 -2.331510719681798016e-01 -6.332327674302788978e-01
-2.816666666666666874e+00 -2.604039152977552507e-02 -1.053235629093270259e-01 -2.525315510783363027e-01 -6.603157695244575853e-01 -2.929532984051949271e-02 -1.114554010180958815e-01 -2.424527313387012661e-01 -6.710181874713276873e-01
-2.450000000000000178e+00 -5.668188047488167958e-02 -1.547097368982892629e-01 -2.625324375710594293e-01 -7.041840986318173012e-01 -6.124094038124466843e-02 -1.708204415117125508e-01 -2.447030961728360876e-01 -7.137435145372563738e-01
-2.083333333333333481e+00 -9.186273862569813153e-02 -2.123122976501428394e-01 -2.750854417817448772e-01 -7.583400738872250191e-01 -1.000845819227426658e-01 -2.431860242494166546e-01 -2.431860242494167101e-01 -7.629003476431847064e-01
-1.716666666666666785e+00 -1.342975724799971848e-01 -2.880471855267006664e-01 -2.838688498905014845e-01 -8.209830787390668405e-01 -1.481878934663839187e-01 -2.837081590502181228e-01 -2.837081590502183448e-01 -8.207991977777202575e-01
-1.350000000000000533e+00 -1.807670886758906414e-01 -3.764461901119317555e-01 -2.941690224943732668e-01 -8.963159402393198194e-01 -2.134491285041418551e-01 -3.276219780987054131e-01 -3.276219780987054131e-01 -8.912863315724224300e-01
-9.833333333333333925e-01 -2.328986128221297580e-01 -2.731515493735822697e-01 -5.240870929038333736e-01 -9.234209854751744828e-01 -2.983663655057404163e-01 -2.983663655057404718e-01 -4.555019821513379141e-01 -9.814750265765561643e-01
-6.166666666666671404e-01 -2.768639388958922809e-01 -2.281184681921452073e-01 -6.933889385721178078e-01 -1.061405163466471846e+00 -3.069371018853861433e-01 -3.069371018853863653e-01 -6.628393814401122297e-01 -1.107058010102540013e+00
-2.500000000000000000e-01 -2.082090085435886473e-02 -2.846249321449493830e-01 -1.011459855864747626e+00 -1.410791687220663171e+00 -2.459267573594442480e-01 -2.459267573594443590e-01 -1.068948364865764500e+00 -1.317142737271894459e+00
