-5.750000000000000000e+00 9.853245402175869749e-02 4.117002249047219120e-02 -1.216250823951992299e-01 -4.336490911047823360e-01 1.056732798904629761e-01 6.729695072288940927e-02 -1.593084500144542892e-01 -4.485704616228786135e-01
-5.138888888888889284e+00 8.509539524056500270e-02 5.182289102084339932e-02 -1.373055195350943447e-01 -4.711953120076516899e-01 8.550263917533466873e-02 5.550587920472697945e-02 -1.750693145028885400e-01 -4.836801407181435808e-01
-4.527777777777777679e+00 6.331117012017790924e-02 3.479263796755106136e-02 -1.894444856690332135e-01 -5.188606321425111023e-01 6.274409845734334190e-02 3.363481966418689628e-02 -1.922990365235425769e-01 -5.233362296155913418e-01
-3.916666666666666519e+00 3.586962079028652162e-02 1.316132027469000404e-03 -2.066067197498950569e-01 -5.617938097815254883e-01 3.724863624842419257e-02 -2.347454223252185956e-03 -2.107796447817224528e-01 -5.687101717923753741e-01
-3.305555555555555358e+00 3.857430914630921581e-03 -7.179988924368257974e-02 -2.055870610663915465e-01 -6.107597338426330458e-01 4.823575664566518220e-03 -5.440339831093915501e-02 -2.295776188384068550e-01 -6.215500482650850866e-01
-2.694444444444444198e+00 -3.668952854657982210e-02 -1.219480707359627547e-01 -2.559738836283568242e-01 -6.640596136227634450e-01 -3.926895501938174743e-02 -1.289182560543912226e-01 -2.445826403704594587e-01 -6.846495632259408382e-01
-2.083333333333333037e+00 -9.262938966728692658e-02 -2.130376040325168419e-01 -2.769459068205052943e-01 -7.342497090997734954e-01 -1.000845819227423883e-01 -2.431860242494164881e-01 -2.431860242494167379e-01 -7.629003476431837072e-01
-1.472222222222221433e+00 -1.639835910097514615e-01 -3.394013233045805045e-01 -2.892090183525943825e-01 -8.597835370073751982e-01 -1.884863925092153114e-01 -3.130855653153145624e-01 -3.130855653153145624e-01 -8.660518885550043677e-01
-8.611111111111107164e-01 -2.482941920541517078e-01 -2.872396392892221373e-01 -5.368385951128303857e-01 -1.030508573790906990e+00 -3.023357342590636265e-01 -3.023357342590638486e-01 -5.171435235946941766e-01 -1.018148812270177173e+00
-2.500000000000000000e-01 -8.018545178537622720e-02 -2.036177042057208952e-01 -9.919530354057664034e-01 -1.210557038351886217e+00 -2.459267573594442480e-01 -2.459267573594443590e-01 -1.068948364865764500e+00 -1.317142737271894459e+00
