-5.750000000000000000e+00 1.034651226057845125e-01 6.299836384721010929e-02 -2.100492914163290537e-01 -3.751195755839712986e-01 1.056732798904629761e-01 6.729695072288940927e-02 -1.593084500144542892e-01 -4.485704616228786135e-01
-5.426470588235294379e+00 9.512740560559271308e-02 6.281054102629958502e-02 -1.658471521096499812e-01 -4.636002695869836376e-01 9.542212966982117905e-02 6.199877359870414190e-02 -1.674672116200193739e-01 -4.666483789723260278e-01
-5.102941176470587870e+00 8.484001806656597811e-02 5.492463982708020720e-02 -1.755715029360467305e-01 -4.826192483693235169e-01 8.421859854327518047e-02 5.454972423452716240e-02 -1.760427619170476243e-01 -4.858775040841302184e-01
-4.779411764705882248e+00 7.201291579942496746e-02 4.517654609294276952e-02 -1.840197377643750520e-01 -5.031466939800771643e-01 7.233256763852015381e-02 4.419312406047049696e-02 -1.850323706553219372e-01 -5.063913456354758313e-01
-4.455882352941176627e+00 5.860627129843778982e-02 3.354758186106789747e-02 -1.948740484182216459e-01 -5.242729860005169717e-01 5.994172826777514201e-02 3.017527324047710943e-02 -1.944166727025637420e-01 -5.283502254427885347e-01
-4.132352941176471006e+00 4.559858241146395874e-02 1.508113516004125874e-02 -2.017895827603976011e-01 -5.504696421294361652e-01 4.677859786355371280e-02 1.207315571728076117e-02 -2.041471355973256130e-01 -5.519493358710412245e-01
-3.808823529411764497e+00 3.176816347113260719e-02 -6.951936798996818934e-03 -2.149395670226512955e-01 -5.743073798659780183e-01 3.217195740674512472e-02 -1.028664010960653706e-02 -2.141221668956044544e-01 -5.774300683473461149e-01
-3.485294117647058876e+00 1.551666855518770566e-02 -3.305133978260858807e-02 -2.259042929086499396e-01 -6.036543593433437715e-01 1.536791568516130899e-02 -3.721868470220323494e-02 -2.241372952554237519e-01 -6.050963144994992993e-01
-3.161764705882352811e+00 -2.833780785258459972e-03 -6.701207965330704952e-02 -2.334476764725700315e-01 -6.290060142322765335e-01 -4.332728333984532838e-03 -6.946086472088690289e-02 -2.337661709848073144e-01 -6.353385477978743534e-01
-2.838235294117646745e+00 -2.445277109305331320e-02 -1.010823567957817304e-01 -2.496502179853470615e-01 -6.630970263537315779e-01 -2.760043346026488931e-02 -1.085394867221050885e-01 -2.420041690305520521e-01 -6.686704933353355695e-01
-2.514705882352941124e+00 -5.057245431225810411e-02 -1.430838370709487384e-01 -2.594143579710998515e-01 -6.987710716690829216e-01 -5.514677998704452244e-02 -1.584431647723556491e-01 -2.455732308157355659e-01 -7.057869888048995399e-01
-2.191176470588235059e+00 -8.111721104348898481e-02 -1.951996040311262948e-01 -2.712786909251175271e-01 -7.344969168751537270e-01 -8.783968205781030048e-02 -2.322506055013619508e-01 -2.322506055013620618e-01 -7.476592913454130906e-01
-1.867647058823528994e+00 -1.159939843441206153e-01 -2.525845491594436165e-01 -2.792026653922507484e-01 -7.888790484003438408e-01 -1.270055539786296428e-01 -2.664049057227118045e-01 -2.664049057227119710e-01 -7.957007386807826155e-01
-1.544117647058823373e+00 -1.555768059834295447e-01 -3.255613824361099917e-01 -2.847080783723691111e-01 -8.479363464307646536e-01 -1.756266136615483586e-01 -3.043507976484224331e-01 -3.043507976484227662e-01 -8.520757220497002793e-01
-1.220588235294117752e+00 -1.997816259083170509e-01 -2.950987413623169520e-01 -4.116878327997266496e-01 -9.124075625749019647e-01 -2.490119868838412687e-01 -3.402784101258397587e-01 -3.402784101258400362e-01 -9.203349630091999245e-01
-8.970588235294112422e-01 -2.456643328282238636e-01 -2.668763403314129423e-01 -5.412159446725324230e-01 -1.013215953933762181e+00 -3.011033658635237087e-01 -3.011033658635238197e-01 -4.986481302323413356e-01 -1.006923365064915643e+00
-5.735294117647056211e-01 -2.846130978810486045e-01 -2.142734042240473924e-01 -7.198030938341372087e-01 -1.177465997894624916e+00 -3.062009319074637248e-01 -3.062009319074641134e-01 -6.941552958197986234e-01 -1.125673956342464033e+00
-2.500000000000000000e-01 -1.453936435860325171e-01 -1.369786167462039850e-01 -9.595427351719378883e-01 -1.135092539537988277e+00 -2.459267573594442480e-01 -2.459267573594443590e-01 -1.068948364865764500e+00 -1.317142737271894459e+00
