-5.750000000000000000e+00 1.015821396935419757e-01 7.115765654803721252e-02 -1.593374383288515828e-01 -4.485142714215753501e-01 1.056732798904629761e-01 6.729695072288940927e-02 -1.593084500144542892e-01 -4.485704616228786135e-01
-5.250000000000000000e+00 8.842923709060648840e-02 4.413970772013516009e-02 -1.394307749077293157e-01 -4.764043278148672456e-01 8.941383329141554259e-02 5.824687935719109061e-02 -1.720930028215743035e-01 -4.769863021016648164e-01
-4.750000000000000000e+00 7.095654754842041501e-02 4.420815522886704929e-02 -1.817715258517542953e-01 -4.935472814566643773e-01 7.122706078590264334e-02 4.307945459390638554e-02 -1.858696496992785774e-01 -5.083252405457364675e-01
-4.250000000000000000e+00 5.024687935698619878e-02 2.338462865604258589e-02 -1.988490924654512104e-01 -5.415333715514760726e-01 5.169218366542123466e-02 1.914005705442706554e-02 -2.005736089228806196e-01 -5.431639796542282461e-01
-3.750000000000000000e+00 2.661127560963399627e-02 -9.015668577749370166e-03 -2.155678397594766038e-01 -5.796456843637142198e-01 2.930141016888574562e-02 -1.482861067247517699e-02 -2.159485982363555656e-01 -5.822876188533224751e-01
-3.250000000000000000e+00 1.457480853373591123e-03 -5.821675789485177693e-02 -2.203605194737629780e-01 -6.227624853810915795e-01 1.365632117502503257e-03 -6.007460788140469438e-02 -2.312185612864002815e-01 -6.268085718513681792e-01
-2.750000000000000000e+00 -3.145395268665999999e-02 -1.119858027392110211e-01 -2.409588300061170640e-01 -6.710326867128062478e-01 -3.465642403246986525e-02 -1.207705883830207383e-01 -2.437120250202169658e-01 -6.783830269767099352e-01
-2.250000000000000000e+00 -7.488965235422967437e-02 -1.832098875844514474e-01 -2.679913224246445735e-01 -7.382883479527456716e-01 -8.146330472969059988e-02 -2.264710444410930057e-01 -2.264710444410930335e-01 -7.396363429875807416e-01
-1.750000000000000000e+00 -1.300718285472307334e-01 -2.788270885242192243e-01 -2.823174407307799116e-01 -8.190251582924207296e-01 -1.433163625449794254e-01 -2.798181084893540671e-01 -2.798181084893543447e-01 -8.150890939149546544e-01
-1.250000000000000000e+00 -1.951277221705026432e-01 -4.037003173991838834e-01 -2.900431317370281703e-01 -9.188316659773769768e-01 -2.393558362069180823e-01 -3.380144871664058637e-01 -3.380144871664061412e-01 -9.135007134992982891e-01
-7.500000000000000000e-01 -2.623650977824350528e-01 -2.607695949354101872e-01 -6.121592705910741117e-01 -1.025496976086220036e+00 -3.056618295763602333e-01 -3.056618295763605664e-01 -5.780903445521773376e-01 -1.055545373177724233e+00
-2.500000000000000000e-01 -1.689586463555015072e-02 -2.764913450203568823e-01 -9.422832513696017820e-01 -1.255521483167321817e+00 -2.459267573594442480e-01 -2.459267573594443590e-01 -1.068948364865764500e+00 -1.317142737271894459e+00
