-5.750000000000000000e+00 1.050249317909733582e-01 5.975833983918880238e-02 -1.463794070717678586e-01 -4.449218199026209186e-01 1.056732798904629761e-01 6.729695072288940927e-02 -1.593084500144542892e-01 -4.485704616228786135e-01
-5.460526315789473450e+00 9.664933304449954687e-02 6.315958977871299895e-02 -1.623560272743958810e-01 -4.621046721104337673e-01 9.654978370433903168e-02 6.264628730101240439e-02 -1.665888258129498423e-01 -4.646933360751084319e-01
-5.171052631578946901e+00 8.718834363446696656e-02 5.652041971770391249e-02 -1.714706156526874525e-01 -4.791312117395854497e-01 8.664405897393930023e-02 5.633193728389757071e-02 -1.742026909877882057e-01 -4.817273387635695459e-01
-4.881578947368421240e+00 7.688207954710926662e-02 4.830648745557230422e-02 -1.814634402809054692e-01 -4.932833114160578569e-01 7.614280316841166851e-02 4.782764854003201949e-02 -1.821495544361058094e-01 -4.997653850064675551e-01
-4.592105263157894690e+00 6.555627268899082150e-02 3.785079239611420510e-02 -1.886654396569596159e-01 -5.144379660240248064e-01 6.522515062838393773e-02 3.656038545185724686e-02 -1.904195239958388908e-01 -5.189166423752386015e-01
-4.302631578947368141e+00 5.361617285469916228e-02 2.491286410007999275e-02 -1.990377930178481580e-01 -5.341289806807084650e-01 5.383848340196630694e-02 2.212156965600730468e-02 -1.989872759439069438e-01 -5.393107477559627716e-01
-4.013157894736842479e+00 4.047676263338081948e-02 7.873863213523370902e-03 -2.083519847755339049e-01 -5.526723382821939756e-01 4.160593255826178921e-02 4.340774307365609895e-03 -2.078015638023886502e-01 -5.611034894526851780e-01
-3.723684210526315930e+00 2.771152727038628596e-02 -1.668860589217587356e-02 -2.168625369870250674e-01 -5.764324977734104349e-01 2.799248520040872532e-02 -1.690991322015873710e-02 -2.167658329843007992e-01 -5.844845996447481928e-01
-3.434210526315789380e+00 1.274758171521781988e-02 -4.098427083052227915e-02 -2.233740147088709715e-01 -6.063809281641369120e-01 1.246709553779740132e-02 -4.192960864568810730e-02 -2.256992376365503927e-01 -6.096886531287371014e-01
-3.144736842105262831e+00 -3.808587643164398906e-03 -6.751118984893018926e-02 -2.321951777507983705e-01 -6.273778952035866663e-01 -5.462506768714537123e-03 -7.132833919087608332e-02 -2.342478312351971570e-01 -6.370106513091488010e-01
-2.855263157894736725e+00 -2.430732852475053773e-02 -9.898931390106681383e-02 -2.485436786446739710e-01 -6.593270878619859054e-01 -2.627576492082812215e-02 -1.062691195911616565e-01 -2.416376675119994433e-01 -6.668288739168324319e-01
-2.565789473684210620e+00 -4.609211719304771165e-02 -1.383714720036486878e-01 -2.576405205045782520e-01 -6.992760625683250852e-01 -5.048053267544911488e-02 -1.494522550083809964e-01 -2.456779935966350858e-01 -6.996393803376571574e-01
-2.276315789473684070e+00 -7.279634679547272724e-02 -1.793834215318146630e-01 -2.700772882838721745e-01 -7.261170408084053340e-01 -7.867640847692969341e-02 -2.239269991614429578e-01 -2.239269991614434019e-01 -7.361099329259062074e-01
-1.986842105263157521e+00 -1.027839396284842000e-01 -2.303061337590071311e-01 -2.717093339537252628e-01 -7.762740947055365437e-01 -1.116985702375947881e-01 -2.533500710897285124e-01 -2.533500710897286790e-01 -7.771679068134527135e-01
-1.697368421052631859e+00 -1.364942577290457204e-01 -2.882152228611267741e-01 -2.814580277848425793e-01 -8.242444416239467220e-01 -1.510643144091511902e-01 -2.859770584129225912e-01 -2.859770584129228688e-01 -8.241514491705551615e-01
-1.407894736842105310e+00 -1.743325295291060506e-01 -3.584790207735040757e-01 -2.861844632196415827e-01 -8.753840221225360763e-01 -2.010200086532714647e-01 -3.208383463831165905e-01 -3.208383463831167015e-01 -8.790882687011655205e-01
-1.118421052631578760e+00 -2.134683243271964792e-01 -3.408653857493808004e-01 -3.851719948864273935e-01 -9.356910904569538667e-01 -2.995872169877839553e-01 -2.995872169877844549e-01 -3.813541385493488534e-01 -9.452619419426142588e-01
-8.289473684210522109e-01 -2.547771970601986347e-01 -2.677552921049073942e-01 -5.705759685204619958e-01 -1.033330305876780431e+00 -3.034057866223962563e-01 -3.034057866223965894e-01 -5.341245544190239558e-01 -1.028534936515511644e+00
-5.394736842105256613e-01 -2.592067678660183172e-01 -2.371032238495508204e-01 -7.364423123965517792e-01 -1.163712314881663268e+00 -3.050399931421091115e-01 -3.050399931421091670e-01 -7.206349212385197989e-01 -1.141181068026451806e+00
-2.500000000000000000e-01 -5.183321879596330950e-02 -2.276132166874682561e-01 -1.013498970172008518e+00 -1.431863531299929715e+00 -2.459267573594442480e-01 -2.459267573594443590e-01 -1.068948364865764500e+00 -1.317142737271894459e+00
