-5.750000000000000000e+00 1.055300261763777864e-01 6.396340018880289358e-02 -1.572358326541327400e-01 -4.482600527585104411e-01 1.056732798904629761e-01 6.729695072288940927e-02 -1.593084500144542892e-01 -4.485704616228786135e-01
-5.546296296296296724e+00 9.899417105239184667e-02 6.423946298362849527e-02 -1.637170780261323344e-01 -4.595457616589193606e-01 9.934080589530858152e-02 6.417742586459625198e-02 -1.643970616132193752e-01 -4.598250243494411693e-01
-5.342592592592592560e+00 9.326890062442499962e-02 6.096374899580929430e-02 -1.692663158203875640e-01 -4.658593411688232155e-01 9.259970430310059120e-02 6.030156966822982495e-02 -1.696503806226543343e-01 -4.715181929784459380e-01
-5.138888888888889284e+00 8.549978133254408641e-02 5.653517586908562986e-02 -1.763816128438912834e-01 -4.786327368639805568e-01 8.550263917533466873e-02 5.550587920472697945e-02 -1.750693145028885400e-01 -4.836801407181435808e-01
-4.935185185185185119e+00 7.849558360342832886e-02 4.502806711560852770e-02 -1.745190711586828702e-01 -4.932195134602448405e-01 7.812254349719127688e-02 4.959476203409635825e-02 -1.806530770658478502e-01 -4.963445212368723936e-01
-4.731481481481481843e+00 7.040309716712439547e-02 4.154484514190763533e-02 -1.866864812884332092e-01 -5.038198265059975478e-01 7.052904571000946643e-02 4.236237339959227077e-02 -1.863984981637464844e-01 -5.095490525711112717e-01
-4.527777777777777679e+00 6.102862218590218019e-02 3.670042463626912305e-02 -1.935026765064715992e-01 -5.120117817463355481e-01 6.274409845734334190e-02 3.363481966418689628e-02 -1.922990365235425769e-01 -5.233362296155913418e-01
-4.324074074074074403e+00 5.201164956544301887e-02 2.793558864045207757e-02 -2.012207117955239766e-01 -5.291691715224688952e-01 5.470482480101183931e-02 2.330453071681717198e-02 -1.983433388132253006e-01 -5.377542003119220038e-01
-4.120370370370370239e+00 4.611810381128967490e-02 8.753508315452799421e-03 -2.006168392349825524e-01 -5.481300471787161621e-01 4.626808059243613797e-02 1.132200818658128140e-02 -2.045130826252211098e-01 -5.528578521759741626e-01
-3.916666666666666963e+00 3.769343439430548892e-02 -8.142359047919878190e-04 -2.103235537254045662e-01 -5.648340465195813564e-01 3.724863624842425502e-02 -2.347454223252131312e-03 -2.107796447817225638e-01 -5.687101717923760402e-01
-3.712962962962963243e+00 2.782172558164074105e-02 -1.490748435791845218e-02 -2.196748371744482176e-01 -5.814126536316523985e-01 2.745470209619726987e-02 -1.776670448181341330e-02 -2.170987482250379685e-01 -5.853839623816610160e-01
-3.509259259259259522e+00 1.735076661309047780e-02 -3.049936328094059179e-02 -2.249245113115745653e-01 -5.959096660579089599e-01 1.670372530973096917e-02 -3.505399535566349617e-02 -2.234014144739526475e-01 -6.029640366072670510e-01
-3.305555555555555802e+00 6.235750093427000484e-03 -5.624888362327289115e-02 -2.311296367358598725e-01 -6.021729976331879897e-01 4.823575664566558986e-03 -5.440339831093905787e-02 -2.295776188384067995e-01 -6.215500482650855307e-01
-3.101851851851852082e+00 -6.732038750071323713e-03 -7.109436828218589077e-02 -2.367839650642139804e-01 -6.377395981666391656e-01 -8.352271794194766896e-03 -7.611580301841840146e-02 -2.354439624006913201e-01 -6.412601950915011173e-01
-2.898148148148148362e+00 -1.998545215793694207e-02 -9.213531780872732946e-02 -2.468735129313986421e-01 -6.537663161880730156e-01 -2.299121061313278563e-02 -1.006695100940256937e-01 -2.406708986136864847e-01 -6.622361282397809523e-01
-2.694444444444444642e+00 -3.613678576748138860e-02 -1.183835464948232163e-01 -2.510074867384988750e-01 -6.812037019070578125e-01 -3.926895501938185845e-02 -1.289182560543911393e-01 -2.445826403704594865e-01 -6.846495632259408382e-01
-2.490740740740740922e+00 -5.295899848073191279e-02 -1.462107123303325040e-01 -2.584615704501129763e-01 -7.006843306573834473e-01 -5.737959487279772203e-02 -1.628792616017497308e-01 -2.453659529498688485e-01 -7.087113392338668660e-01
-2.287037037037037202e+00 -7.149083637553604875e-02 -1.780344452455600024e-01 -2.737561254319400561e-01 -7.154978773048201734e-01 -7.755237427574868114e-02 -2.202060230437790367e-01 -2.255896248919105063e-01 -7.346840852075599004e-01
-2.083333333333333481e+00 -9.187977231054027250e-02 -2.119988277373948682e-01 -2.830452540430765662e-01 -7.469542121697180237e-01 -1.000845819227426658e-01 -2.431860242494166546e-01 -2.431860242494167101e-01 -7.629003476431847064e-01
-1.879629629629629761e+00 -1.144898992934256232e-01 -2.508096326978903057e-01 -2.843911258997737224e-01 -7.718179458305874929e-01 -1.254147319673645511e-01 -2.650677324607744745e-01 -2.650677324607746965e-01 -7.937892647684265945e-01
-1.675925925925926485e+00 -1.385086145765748178e-01 -2.912536306402991326e-01 -2.873628050165354386e-01 -8.152445079623046320e-01 -1.543111315707541009e-01 -2.885117612519474961e-01 -2.885117612519476626e-01 -8.279171550273691782e-01
-1.472222222222222321e+00 -1.647047559308811304e-01 -3.376366368131797913e-01 -2.931802644273842073e-01 -8.705345005939990610e-01 -1.884863925092152004e-01 -3.130855653153142848e-01 -3.130855653153143403e-01 -8.660518885550030355e-01
-1.268518518518519045e+00 -1.931421996722962331e-01 -3.905864975888132529e-01 -2.958812709072076719e-01 -9.060063125672288553e-01 -2.339183087462642086e-01 -3.363215759958776974e-01 -3.363215759958777529e-01 -9.092704455633346949e-01
-1.064814814814814881e+00 -2.213627607304797795e-01 -3.121921475923092326e-01 -4.440207902191191103e-01 -9.370305502326512492e-01 -2.972410624820885916e-01 -2.972410624820888692e-01 -4.138862481084250589e-01 -9.591511247385585692e-01
-8.611111111111116045e-01 -2.496510281212227511e-01 -2.652885705925381865e-01 -5.659345939755675570e-01 -1.028005264298333277e+00 -3.023357342590632379e-01 -3.023357342590634600e-01 -5.171435235946925113e-01 -1.018148812270175618e+00
-6.574074074074074403e-01 -2.755513822421797876e-01 -2.277248830839787019e-01 -6.703374370630332812e-01 -1.131665196939947160e+00 -3.070272266092926583e-01 -3.070272266092928803e-01 -6.352160131061488357e-01 -1.090420858611059085e+00
-4.537037037037041642e-01 -2.956403767150181383e-01 -1.645762675242022632e-01 -8.118458791285129150e-01 -1.231154080753580793e+00 -2.990044912851390624e-01 -2.990044912851391179e-01 -7.960306496756515138e-01 -1.183970958824804409e+00
-2.500000000000000000e-01 -2.897049022214266967e-01 -2.942251654561719998e-02 -9.465827269846815994e-01 -1.268686885934214637e+00 -2.459267573594442480e-01 -2.459267573594443590e-01 -1.068948364865764500e+00 -1.317142737271894459e+00
