-5.750000000000000000e+00 1.045770260394280893e-01 6.550954824331919890e-02 -1.505827121289552151e-01 -4.475992783691071231e-01 1.056732798904629761e-01 6.729695072288940927e-02 -1.593084500144542892e-01 -4.485704616228786135e-01
-5.510869565217391575e+00 9.819680018331934657e-02 6.297797451524160539e-02 -1.588048343477378999e-01 -4.595750976891566641e-01 9.819663587957118411e-02 6.356182656441629331e-02 -1.652988075152571901e-01 -4.618263050289643790e-01
-5.271739130434782261e+00 9.036139269751972125e-02 6.030156417841738697e-02 -1.764168739451098533e-01 -4.659545778306557473e-01 9.016812043093064277e-02 5.874723190072242418e-02 -1.715164415198200953e-01 -4.756936296424455479e-01
-5.032608695652173836e+00 8.225622303478505315e-02 5.352250892790941239e-02 -1.780819070895995615e-01 -4.822161637643156418e-01 8.168252703752523769e-02 5.257420261291147201e-02 -1.779621522644305176e-01 -4.902226739619177098e-01
-4.793478260869565410e+00 7.341807657758807337e-02 4.561721331984054661e-02 -1.852952776454691308e-01 -5.024854666467379882e-01 7.285994167892087536e-02 4.471492259995202279e-02 -1.846330912811794400e-01 -5.054706607692649456e-01
-4.554347826086956985e+00 6.459359349313600895e-02 3.210903272564850919e-02 -1.860729092286310671e-01 -5.154822419205496997e-01 6.377168465546884102e-02 3.486250732123372803e-02 -1.915209469384259178e-01 -5.215032204643194058e-01
-4.315217391304347672e+00 5.514215412962122920e-02 1.111937049048477948e-02 -1.978966196706684610e-01 -5.218505419446383131e-01 5.434752916464879319e-02 2.281813906613566062e-02 -1.986091447491177275e-01 -5.383961980954445892e-01
-4.076086956521739246e+00 4.516194731939748158e-02 8.593400439041960076e-03 -2.024193083448466157e-01 -5.546461168638696648e-01 4.436359065777582128e-02 8.495390916401709958e-03 -2.058683837327893174e-01 -5.562379734560100042e-01
-3.836956521739130377e+00 3.459848307507651377e-02 -1.083328181233155808e-02 -2.073911569876432937e-01 -5.723664694445761425e-01 3.351880842808828420e-02 -8.167600169113281225e-03 -2.132492131280423198e-01 -5.751324765445260390e-01
-3.597826086956521507e+00 2.247263171397511500e-02 -2.680333519150756433e-02 -2.157934653764017607e-01 -5.935945769172987774e-01 2.150688909729710566e-02 -2.729781740740593737e-02 -2.206689824689117008e-01 -5.952031594845343943e-01
-3.358695652173913082e+00 9.391717998806933809e-03 -4.562137625045420419e-02 -2.277809985718783625e-01 -6.139093154800736585e-01 8.040952545709930885e-03 -4.914244023620027019e-02 -2.279871109599616030e-01 -6.165983056904587034e-01
-3.119565217391304213e+00 -5.584807798625805036e-03 -6.884671445985550420e-02 -2.422502635175161623e-01 -6.310435489070179704e-01 -7.150906254653223264e-03 -7.412355878406270970e-02 -2.349529913485670918e-01 -6.394982430372175841e-01
-2.880434782608695343e+00 -2.190350126508913003e-02 -9.552968810476344941e-02 -2.484390976839430110e-01 -6.536079552523282876e-01 -2.433898011031048608e-02 -1.029623146581677001e-01 -2.410774166179976141e-01 -6.641253243478203450e-01
-2.641304347826086918e+00 -4.059462711907328020e-02 -1.256005321714310230e-01 -2.565657113932688360e-01 -6.874352978738829112e-01 -4.380827386310041233e-02 -1.370873940346392927e-01 -2.452193538074224355e-01 -6.907580258588048583e-01
-2.402173913043478048e+00 -6.152594238997996512e-02 -1.587877461065334006e-01 -2.598957239475662151e-01 -7.162685438059881449e-01 -6.588161721191718168e-02 -1.809989085817713117e-01 -2.432144340224988988e-01 -7.197513440247602645e-01
-2.163043478260869623e+00 -8.470583212882920598e-02 -1.981235403453789345e-01 -2.670657852840275237e-01 -7.501938196798764169e-01 -9.096311202417661779e-02 -2.350606317869662620e-01 -2.350606317869663175e-01 -7.515671442770074373e-01
-1.923913043478260754e+00 -1.107146017192091048e-01 -2.468165539773927164e-01 -2.874502159223463194e-01 -7.349505362732949854e-01 -1.196392469303746986e-01 -2.601738511665358522e-01 -2.601738511665359077e-01 -7.868208672467250642e-01
-1.684782608695652328e+00 -1.374241480180199149e-01 -2.799077312619129287e-01 -2.955051958867047635e-01 -7.758850229453186920e-01 -1.529634207146106928e-01 -2.874631147108608342e-01 -2.874631147108611673e-01 -8.263564650191296268e-01
-1.445652173913043015e+00 -1.688085723902698898e-01 -2.879315121609479222e-01 -3.436817948531555311e-01 -8.391133073756997796e-01 -1.935276185835706764e-01 -3.163028623057519972e-01 -3.163028623057523303e-01 -8.713731559998174614e-01
-1.206521739130434590e+00 -2.003907098203517867e-01 -2.932022115024212061e-01 -4.139927285071938745e-01 -9.126211596425586325e-01 -2.542677532670281071e-01 -3.410799044956513426e-01 -3.410799044956513981e-01 -9.236551778308833560e-01
-9.673913043478261642e-01 -2.338544251508046790e-01 -2.825928062728625956e-01 -5.018848343296533621e-01 -9.925609276418645432e-01 -2.988134821419216047e-01 -2.988134821419217158e-01 -4.634186277925042563e-01 -9.860289555906959214e-01
-7.282608695652168507e-01 -2.658505078754579420e-01 -2.513213250925164233e-01 -6.185801958368797315e-01 -1.090086698041001334e+00 -3.061375157331789887e-01 -3.061375157331790442e-01 -5.908910166020392429e-01 -1.063399485382022114e+00
-4.891304347826084253e-01 -2.880022732182684897e-01 -1.859049865914414457e-01 -7.798348362001361611e-01 -1.220743302077351489e+00 -3.021303405941614950e-01 -3.021303405941615505e-01 -7.631783373078290245e-01 -1.165589950333594693e+00
-2.500000000000000000e-01 -1.736959976654170457e-02 -2.866328483765724910e-01 -1.005359546255731651e+00 -1.474088613535596393e+00 -2.459267573594442480e-01 -2.459267573594443590e-01 -1.068948364865764500e+00 -1.317142737271894459e+00
