-5.750000000000000000e+00 1.001873335006410320e-01 6.336102347151990888e-02 -1.500494086816300809e-01 -4.381229771060661249e-01 1.056732798904629761e-01 6.729695072288940927e-02 -1.593084500144542892e-01 -4.485704616228786135e-01
-5.530000000000000249e+00 9.507243517692609558e-02 6.876714268518074880e-02 -1.611378024309148005e-01 -4.432230661867351262e-01 9.881601746086769722e-02 6.389712701141199436e-02 -1.648112451367923226e-01 -4.607439576352321264e-01
-5.309999999999999609e+00 8.979225849184768737e-02 6.263530571741038333e-02 -1.714483466625308372e-01 -4.672587988993710528e-01 9.148638080462752342e-02 5.960082368740809294e-02 -1.705062779165095466e-01 -4.734317725446430813e-01
-5.089999999999999858e+00 8.314197066785146417e-02 5.528847173659212633e-02 -1.745007086378816685e-01 -4.796340923245034360e-01 8.375427106174876402e-02 5.419679108415027813e-02 -1.763944589751907377e-01 -4.866724205730284525e-01
-4.870000000000000107e+00 7.617655869423076154e-02 4.839481967449798389e-02 -1.803542229127889363e-01 -4.989766602443573285e-01 7.571336833324195104e-02 4.743356064305655206e-02 -1.824742575752136553e-01 -5.005092719961541370e-01
-4.650000000000000355e+00 6.818409602608756226e-02 3.874379245446771258e-02 -1.865022654539744140e-01 -5.124996820616661841e-01 6.743947700878977214e-02 3.905843137295190309e-02 -1.887406083517218780e-01 -5.149914468267506873e-01
-4.429999999999999716e+00 5.924258445177389698e-02 3.015556996949723956e-02 -1.938096059285068506e-01 -5.269063092039633078e-01 5.892429146228596315e-02 2.888028854744925308e-02 -1.951832934649505857e-01 -5.301749251330778456e-01
-4.209999999999999964e+00 4.940417467099922355e-02 1.950210396996650275e-02 -2.044368322582636177e-01 -5.363835528575542355e-01 5.004062000217994466e-02 1.679985683697832535e-02 -2.017844864651895664e-01 -5.461239393683401389e-01
-3.990000000000000213e+00 4.133625938420430745e-02 2.623830687541860857e-03 -2.083465336973807924e-01 -5.526063134759107154e-01 4.057496620277008942e-02 2.770872020279181724e-03 -2.085149018759909767e-01 -5.629127378951068739e-01
-3.770000000000000018e+00 3.098062253278205738e-02 -1.080691725243842355e-02 -2.142684500646195311e-01 -5.754973052871312778e-01 3.028584042169556872e-02 -1.326732603733334244e-02 -2.153275072686749170e-01 -5.806278429881561731e-01
-3.549999999999999822e+00 1.940886956834275007e-02 -2.826567023879798454e-02 -2.237556560279145013e-01 -5.851943699907611318e-01 1.893886540061099841e-02 -3.143905620945443985e-02 -2.221466954569843166e-01 -5.993709762280278186e-01
-3.330000000000000071e+00 7.744915943534616543e-03 -4.777587476017132462e-02 -2.261849879893879367e-01 -5.987720283316886327e-01 6.314342645032938219e-03 -5.196387924055837632e-02 -2.288482729382462777e-01 -6.192628977337195639e-01
-3.109999999999999876e+00 -6.483845666061312241e-03 -6.921422725604975401e-02 -2.390833189165115225e-01 -6.346230638282647218e-01 -7.798276969364565867e-03 -7.519675111248755317e-02 -2.352186761853580221e-01 -6.404485168581335319e-01
-2.890000000000000124e+00 -2.199144906935969479e-02 -9.297026365675012394e-02 -2.433583031316314815e-01 -6.587766221230220154e-01 -2.360963965903569578e-02 -1.017207536622402597e-01 -2.408591028626383690e-01 -6.631038039374695936e-01
-2.669999999999999929e+00 -3.873771600754639249e-02 -1.217827263972880714e-01 -2.547968918307192965e-01 -6.802745924463765581e-01 -4.134134913630994890e-02 -1.326271825490715484e-01 -2.449023471516805217e-01 -6.874453057658964639e-01
-2.450000000000000178e+00 -5.713752783475913727e-02 -1.516876388780522278e-01 -2.653267151700452464e-01 -7.087369389135628195e-01 -6.124094038124466843e-02 -1.708204415117125508e-01 -2.447030961728360876e-01 -7.137435145372563738e-01
-2.229999999999999982e+00 -7.786639236817613496e-02 -1.860426821402254571e-01 -2.681950999709454275e-01 -7.419509573391186441e-01 -8.360823930308912411e-02 -2.284216263093479249e-01 -2.284216263093479526e-01 -7.423420985705234676e-01
-2.009999999999999787e+00 -1.005212158663259803e-01 -2.252679872810251782e-01 -2.761775646962196240e-01 -7.730842722331097150e-01 -1.088511401067185080e-01 -2.508777061950914766e-01 -2.508777061950916432e-01 -7.736863459800867870e-01
-1.790000000000000036e+00 -1.255908613679769248e-01 -2.708231148167692948e-01 -2.825872502405544773e-01 -8.095153462948742051e-01 -1.376229443262434182e-01 -2.752008675913407143e-01 -2.752008675913409363e-01 -8.083666730342771167e-01
-1.570000000000000284e+00 -1.516284829815250645e-01 -3.224481340543740582e-01 -2.847625578773312349e-01 -8.497972279331834633e-01 -1.712344841648055782e-01 -3.012133535665878492e-01 -3.012133535665879602e-01 -8.471879981651637692e-01
-1.349999999999999645e+00 -1.811942420085910777e-01 -3.779911230567351010e-01 -3.046453371970535007e-01 -8.431719538593818175e-01 -2.134491285041419939e-01 -3.276219780987053576e-01 -3.276219780987056351e-01 -8.912863315724224300e-01
-1.129999999999999893e+00 -2.120638987975300982e-01 -3.006094212011587441e-01 -4.385043537764474197e-01 -9.123303210454798418e-01 -3.012362216482494248e-01 -3.012362216482494803e-01 -3.721447285138592687e-01 -9.423385621219857455e-01
-9.100000000000001421e-01 -2.436718204007649879e-01 -2.809595707717115198e-01 -5.171216960182900557e-01 -9.598923679795965391e-01 -3.006608542337149692e-01 -3.006608542337152468e-01 -4.920908690276406539e-01 -1.002975922101855710e+00
-6.900000000000003908e-01 -2.719981142591918477e-01 -2.401658967499256114e-01 -6.435801690131465191e-01 -1.118478589536195722e+00 -3.067600059610565144e-01 -3.067600059610565699e-01 -6.142932910073195529e-01 -1.077707492472109951e+00
-4.699999999999997513e-01 -2.925345260107431455e-01 -1.798335502413175579e-01 -7.777493138489146585e-01 -1.200950336416005682e+00 -3.005689464367214403e-01 -3.005689464367214958e-01 -7.805856679090382721e-01 -1.175382590068433597e+00
-2.500000000000000000e-01 -1.472661357912380398e-02 -2.991931977819571320e-01 -9.248175344869266068e-01 -1.149443178924019149e+00 -2.459267573594442480e-01 -2.459267573594443590e-01 -1.068948364865764500e+00 -1.317142737271894459e+00
