-5.750000000000000000e+00 1.058564099551771859e-01 6.745088658016777650e-02 -1.643109172982196720e-01 -4.322310942054936045e-01 1.056732798904629761e-01 6.729695072288940927e-02 -1.593084500144542892e-01 -4.485704616228786135e-01
-5.488095238095238138e+00 9.793252094784263284e-02 6.171089688415015706e-02 -1.642319322021689454e-01 -4.587397103094168482e-01 9.745464135863242394e-02 6.315368838816050323e-02 -1.658811372123592254e-01 -4.631199144184502403e-01
-5.226190476190476275e+00 8.919462657136682793e-02 5.730981150882695496e-02 -1.720934066269307339e-01 -4.738591733388398675e-01 8.858345502455726439e-02 5.768575662100133838e-02 -1.727266395354877526e-01 -4.784084033959858928e-01
-4.964285714285714413e+00 7.977345703791841047e-02 5.025752306665352137e-02 -1.775994665486237967e-01 -4.831996007658915793e-01 7.919124915282566013e-02 5.051542453697639712e-02 -1.798453941851034521e-01 -4.945031813817023503e-01
-4.702380952380952550e+00 6.921827968233323913e-02 4.252591254939713100e-02 -1.875342561557135357e-01 -4.900381294465472326e-01 6.942908934084764117e-02 4.121042346949068541e-02 -1.872321398374742207e-01 -5.114819198615117024e-01
-4.440476190476190688e+00 5.952532587075699128e-02 2.852926300392093911e-02 -1.939234947389190666e-01 -5.182704414845683560e-01 5.933669626980832973e-02 2.940762336984194605e-02 -1.948727267280629116e-01 -5.294350874742697055e-01
-4.178571428571428825e+00 4.787608335487755773e-02 1.480799767554541284e-02 -2.019659952462573294e-01 -5.352535296141918142e-01 4.872958274887541352e-02 1.491598459833534500e-02 -2.027389302732852949e-01 -5.484690505915950087e-01
-3.916666666666666519e+00 3.802730449211318836e-02 -6.840975754249835339e-04 -2.099788043517328007e-01 -5.606014892377910730e-01 3.724863624842419257e-02 -2.347454223252185956e-03 -2.107796447817224528e-01 -5.687101717923753741e-01
-3.654761904761904656e+00 2.528241123299251186e-02 -1.979422621845541852e-02 -2.193088112964471648e-01 -5.861299622764095663e-01 2.448834487707868268e-02 -2.250843638999328739e-02 -2.189050385001614085e-01 -5.903103107703584485e-01
-3.392857142857142794e+00 1.161809577748517189e-02 -4.270072907080292579e-02 -2.282404629698620013e-01 -6.078439886298456774e-01 1.006407090138354728e-02 -4.584197925862990713e-02 -2.269556770818756397e-01 -6.134543333616752081e-01
-3.130952380952380931e+00 -4.537037723359709646e-03 -6.758938280108242602e-02 -2.367672663685035650e-01 -6.334611853714179341e-01 -6.384387400145190468e-03 -7.285388991133030789e-02 -2.346350400053219265e-01 -6.383705568891265836e-01
-2.869047619047619069e+00 -2.269482151226164673e-02 -9.658670511892111787e-02 -2.460301401765921381e-01 -6.609798502627997063e-01 -2.521199697182588753e-02 -1.044510735939476881e-01 -2.413334892204452853e-01 -6.653455927246779700e-01
-2.607142857142856762e+00 -4.320712355697473722e-02 -1.301813895245299002e-01 -2.567890994253583248e-01 -6.886754622682819127e-01 -4.679391612670725370e-02 -1.425603353227646031e-01 -2.455019150713034781e-01 -6.947459580834260962e-01
-2.345238095238094900e+00 -6.723441705508344246e-02 -1.689403467903173028e-01 -2.643904363951368186e-01 -7.141121618424413064e-01 -7.156274758420969051e-02 -1.951772126517350714e-01 -2.395901794341538660e-01 -7.270504534700126253e-01
-2.083333333333333037e+00 -9.281882809033675796e-02 -2.110446641849522964e-01 -2.750062804762522517e-01 -7.560427758984159530e-01 -1.000845819227423883e-01 -2.431860242494164881e-01 -2.431860242494167379e-01 -7.629003476431837072e-01
-1.821428571428571175e+00 -1.218616635376511964e-01 -2.636984015149477223e-01 -2.828081793175595271e-01 -8.018828431633605591e-01 -1.332590305957413734e-01 -2.716135427535119051e-01 -2.716135427535120717e-01 -8.031804852425110663e-01
-1.559523809523809312e+00 -1.533466763505611508e-01 -3.133875708565853069e-01 -2.953092631068681695e-01 -8.440960123464306131e-01 -1.729986292528732927e-01 -3.024822107810336558e-01 -3.024822107810337668e-01 -8.491575114417757586e-01
-1.297619047619047450e+00 -1.877778393768617660e-01 -2.964851889408919305e-01 -3.774922049554091386e-01 -9.014821323803319242e-01 -2.260704217870158073e-01 -3.333950737403189035e-01 -3.333950737403190145e-01 -9.027324451546387962e-01
-1.035714285714285587e+00 -2.253183202050584311e-01 -2.782008305778844726e-01 -4.865571975378858438e-01 -9.766487457980952414e-01 -2.973232162264131118e-01 -2.973232162264131118e-01 -4.291688133162932517e-01 -9.669482730645417856e-01
-7.738095238095237249e-01 -2.608263526257904585e-01 -2.542064759667866936e-01 -6.022466751966413234e-01 -1.071030265662061831e+00 -3.050576139378716745e-01 -3.050576139378718410e-01 -5.644405022753884449e-01 -1.047157946354164482e+00
-5.119047619047618625e-01 -2.883193003203188276e-01 -1.902170979746423130e-01 -7.612763434485381175e-01 -1.213193439504477888e+00 -3.036444914111959270e-01 -3.036444914111959825e-01 -7.433835962155618260e-01 -1.154314270580611090e+00
-2.500000000000000000e-01 -1.056455066864050996e-02 -2.888596990703207745e-01 -1.011431518166267418e+00 -1.224009618682778688e+00 -2.459267573594442480e-01 -2.459267573594443590e-01 -1.068948364865764500e+00 -1.317142737271894459e+00
