-5.750000000000000000e+00 1.051745906288813620e-01 6.720475638624361092e-02 -1.609674869483064541e-01 -4.363857344868498078e-01 1.056732798904629761e-01 6.729695072288940927e-02 -1.593084500144542892e-01 -4.485704616228786135e-01
-5.560344827586207295e+00 9.894643503888743419e-02 6.621430313589685146e-02 -1.593041230838657396e-01 -4.487283082720220362e-01 9.979110079143772849e-02 6.441519006331369868e-02 -1.640408534458068501e-01 -4.590350927557254046e-01
-5.370689655172413701e+00 9.274257185920339874e-02 6.339830108231142569e-02 -1.715485541791553770e-01 -4.478504828862221454e-01 9.355212331837237105e-02 6.088679200236898209e-02 -1.689159438334732755e-01 -4.698781864120757934e-01
-5.181034482758620996e+00 8.553432202037931920e-02 5.994911164821243449e-02 -1.719115949166570012e-01 -4.725846671325180659e-01 8.699680842653895185e-02 5.658278004394078076e-02 -1.739345763920614740e-01 -4.811238202490915605e-01
-4.991379310344827402e+00 7.940866381635258708e-02 5.310570929355735992e-02 -1.779524846417041284e-01 -4.768624744063907350e-01 8.018225042217991261e-02 5.134882732622581686e-02 -1.790963953581389267e-01 -4.927986313385970818e-01
-4.801724137931034697e+00 7.388768188925876057e-02 3.684982264847753985e-02 -1.730105855652954716e-01 -4.975696240950569504e-01 7.316868559409088479e-02 4.501757824641933192e-02 -1.843993808440290982e-01 -5.049322106762764717e-01
-4.612068965517241992e+00 6.675627962725329267e-02 3.265407866067007725e-02 -1.783096421954837862e-01 -5.065161410119282115e-01 6.599060362838207738e-02 3.743610600551211531e-02 -1.898392190900339005e-01 -5.175575772761987769e-01
-4.422413793103448398e+00 5.934774706209702128e-02 2.799072370728920844e-02 -1.870689314706153183e-01 -5.239878207576514901e-01 5.862514358927916475e-02 2.849572629108763563e-02 -1.954084124468642159e-01 -5.307117516999428908e-01
-4.232758620689654805e+00 5.176503689096097205e-02 1.913494669521360880e-02 -2.013467502638341677e-01 -5.398743320246264243e-01 5.098256172858766505e-02 1.813922845162452627e-02 -2.010949956798085136e-01 -5.444364547969173795e-01
-4.043103448275862100e+00 4.361573123415797559e-02 8.148332522941711953e-03 -2.075657294491541349e-01 -5.567121400702973455e-01 4.292599735346550038e-02 6.338054539446216079e-03 -2.068806380471708284e-01 -5.587789654408440443e-01
-3.853448275862068950e+00 3.519010464313658548e-02 -4.934108096857599615e-03 -2.151646913728957056e-01 -5.686349454411598892e-01 3.430078806476222902e-02 -6.941235204347502921e-03 -2.127377504670586172e-01 -5.737931819871002759e-01
-3.663793103448275801e+00 2.594056442562178710e-02 -1.966473925522629201e-02 -2.189863352918534067e-01 -5.866428401049936792e-01 2.495393246242917640e-02 -2.176253930022537322e-02 -2.186249054220425481e-01 -5.895409473010853052e-01
-3.474137931034483096e+00 1.613102637472623585e-02 -3.657924223106470002e-02 -2.236217131980470230e-01 -5.980345539876665839e-01 1.474066342386596423e-02 -3.823619124448009166e-02 -2.244792267711526179e-01 -6.060937183975648734e-01
-3.284482758620689946e+00 5.246491025394182245e-03 -5.319141564135317773e-02 -2.320406267581212878e-01 -6.204527700865888340e-01 3.523467750108465104e-03 -5.653356309707932570e-02 -2.302029255257008744e-01 -6.235346918525304094e-01
-3.094827586206896797e+00 -6.412671469739037594e-03 -7.189909466488292322e-02 -2.395947832965152902e-01 -6.341983597078378887e-01 -8.831731163121692152e-03 -7.691170150817346063e-02 -2.356373864148336439e-01 -6.419615396665212526e-01
-2.905172413793103647e+00 -2.035151189743118413e-02 -9.277383257035362596e-02 -2.481676961290778527e-01 -6.493992860495019226e-01 -2.246018520723063253e-02 -9.976791992324307579e-02 -2.405070530638346582e-01 -6.614899742821384043e-01
-2.715517241379310498e+00 -3.463597166624512308e-02 -1.160093779346170056e-01 -2.491181090458961522e-01 -6.810129282156837105e-01 -3.750357388926608970e-02 -1.257834170217802250e-01 -2.442743776955506874e-01 -6.822584576064518735e-01
-2.525862068965517349e+00 -5.014995991715826690e-02 -1.416498391488163200e-01 -2.531356870020861627e-01 -7.026974431692983858e-01 -5.411696355791823648e-02 -1.564288794120498316e-01 -2.456320715361481333e-01 -7.044345166979408823e-01
-2.336206896551724199e+00 -6.830095800956141605e-02 -1.693750624282411854e-01 -2.597262907533370857e-01 -7.288438160234409491e-01 -7.247991555007064768e-02 -1.977926119355087609e-01 -2.386700512636429072e-01 -7.282233621900510157e-01
-2.146551724137931050e+00 -8.697379478497602179e-02 -2.001320975857100448e-01 -2.689569670573750959e-01 -7.464137096853546982e-01 -9.281693327319752440e-02 -2.367218272600941642e-01 -2.367218272600941920e-01 -7.538798857318336211e-01
-1.956896551724137900e+00 -1.068860701559685156e-01 -2.342920353011175016e-01 -2.721377003177931075e-01 -7.684253545563509702e-01 -1.154394441325676396e-01 -2.565780484024983155e-01 -2.565780484024983710e-01 -7.817257547926161898e-01
-1.767241379310345195e+00 -1.292225296782613664e-01 -2.732413130083844455e-01 -2.793585891253739240e-01 -8.117269167945261321e-01 -1.408425536344131979e-01 -2.778209685131414752e-01 -2.778209685131416418e-01 -8.121744541108915083e-01
-1.577586206896551602e+00 -1.525438003143504972e-01 -3.276409763948738285e-01 -2.838458222184742641e-01 -8.024761478842177276e-01 -1.699681530826331610e-01 -3.002955847908030385e-01 -3.002955847908032605e-01 -8.457692161774963413e-01
-1.387931034482758896e+00 -1.780328735880879198e-01 -3.624079206543474596e-01 -2.949735681368401141e-01 -8.687031699463051426e-01 -2.051621366912662614e-01 -3.232079030407592479e-01 -3.232079030407592479e-01 -8.832428906149213388e-01
-1.198275862068966191e+00 -2.036533737390078258e-01 -4.255523470422442056e-01 -2.972662641560243069e-01 -8.814310795830793133e-01 -2.576251183749148632e-01 -3.414229928622291022e-01 -3.414229928622292687e-01 -9.256174466466565720e-01
-1.008620689655172598e+00 -2.300772156577714500e-01 -3.364058765654895367e-01 -4.191995010827408441e-01 -9.759013461969650027e-01 -2.977616895409250231e-01 -2.977616895409254116e-01 -4.428912461793362842e-01 -9.743806051602332818e-01
-8.189655172413798923e-01 -2.554423747155397662e-01 -2.555504490842844256e-01 -5.855700213877840232e-01 -1.017450086826691802e+00 -3.037253562776052740e-01 -3.037253562776052740e-01 -5.394919139743512559e-01 -1.031827478468666737e+00
-6.293103448275862988e-01 -2.793631425087488296e-01 -2.259445199097752655e-01 -6.889499540538323030e-01 -1.143792951054480422e+00 -3.070215497577835628e-01 -3.070215497577836183e-01 -6.540780695197480066e-01 -1.101801418264207300e+00
-4.396551724137935935e-01 -2.966203740869519101e-01 -1.657330204662251782e-01 -8.048857604281097755e-01 -1.276440383985663285e+00 -2.974641787821083461e-01 -2.974641787821084016e-01 -8.098397261970046168e-01 -1.191567195549354974e+00
-2.500000000000000000e-01 -5.600295936516272444e-02 -2.865834258501989695e-01 -8.550267604024410772e-01 -1.433567574455585580e+00 -2.459267573594442480e-01 -2.459267573594443590e-01 -1.068948364865764500e+00 -1.317142737271894459e+00
