-5.750000000000000000e+00 1.054550910899734739e-01 6.713086957968375512e-02 -1.582709758491490093e-01 -4.460011151377576422e-01 1.056732798904629761e-01 6.729695072288940927e-02 -1.593084500144542892e-01 -4.485704616228786135e-01
-5.601351351351351759e+00 1.016547542668226889e-01 6.556960957473287332e-02 -1.621687368747553870e-01 -4.539026921081887322e-01 1.010941849570696910e-01 6.508914904836349269e-02 -1.630055887549346216e-01 -4.567411840360685593e-01
-5.452702702702702631e+00 9.675654287238147355e-02 6.305895720602200383e-02 -1.676197934174071258e-01 -4.607169538048326851e-01 9.629168772423143952e-02 6.249958386817343337e-02 -1.667902080134007758e-01 -4.651413480282777790e-01
-5.304054054054054390e+00 9.204179665847492253e-02 6.004881994663681388e-02 -1.701232159933636634e-01 -4.719934928609262892e-01 9.128230787651386846e-02 5.947039391621655735e-02 -1.706628790411629237e-01 -4.737821753740860675e-01
-5.155405405405405261e+00 8.676254755894867443e-02 5.114692253803079097e-02 -1.677118637161349735e-01 -4.776194724378107215e-01 8.608967503369432950e-02 5.593348937510674718e-02 -1.746237773066059984e-01 -4.826757957324903092e-01
-5.006756756756757021e+00 8.143081749961084137e-02 5.230144465088994166e-02 -1.754005537745439991e-01 -4.798537813194244106e-01 8.074293300586016242e-02 5.181183611450378840e-02 -1.786725706327610685e-01 -4.918353522640078745e-01
-4.858108108108107892e+00 7.613510951506262392e-02 4.590715007183672480e-02 -1.765553349441457420e-01 -4.820416411268568235e-01 7.527167666480556740e-02 4.702415777473416270e-02 -1.828082755776627433e-01 -5.012751231988616940e-01
-4.709459459459459651e+00 7.024093018917346165e-02 4.255323916284656227e-02 -1.868320983070144992e-01 -5.028418810069670286e-01 6.969699462493965381e-02 4.149346965341529220e-02 -1.870290714070239335e-01 -5.110106623094348155e-01
-4.560810810810810523e+00 6.428008874304232123e-02 3.663348111432402493e-02 -1.910609081487984473e-01 -5.124868091318719454e-01 6.402102863308600789e-02 3.515701589937324928e-02 -1.913320566645154708e-01 -5.210589618885681507e-01
-4.412162162162162282e+00 5.852754458902186679e-02 2.908219299088156753e-02 -1.975593495141878264e-01 -5.210791918179079607e-01 5.822019402320548903e-02 2.797244105265406580e-02 -1.957129268374328546e-01 -5.314386426494168703e-01
-4.263513513513513153e+00 5.174488955775798787e-02 2.176058816696530007e-02 -1.988274822879756709e-01 -5.326169492126157090e-01 5.224606377784882238e-02 1.991615817453278384e-02 -2.001655416341980298e-01 -5.421701759906591978e-01
-4.114864864864864913e+00 4.493102063964162646e-02 1.020211878309535899e-02 -1.965145749663606556e-01 -5.395385343568294134e-01 4.603284531314005834e-02 1.097493271975606352e-02 -2.046813346650450671e-01 -5.532761453782270022e-01
-3.966216216216216228e+00 3.883795313380577346e-02 3.877613549138004406e-03 -2.087336122489594215e-01 -5.512230236541233452e-01 3.950662514861653929e-02 1.135428709907796785e-03 -2.092484927734916123e-01 -5.647815552683002061e-01
-3.817567567567567544e+00 3.295516564321555875e-02 -7.237417111879026338e-03 -2.156404981811052557e-01 -5.647107849142519731e-01 3.259233540536288914e-02 -9.624359279369349568e-03 -2.138507892875827487e-01 -5.767141981552205143e-01
-3.668918918918918859e+00 2.618762384363268469e-02 -1.875279041704792579e-02 -2.205854685997090670e-01 -5.785797611049515732e-01 2.521730929109789604e-02 -2.134085500374334823e-02 -2.184658801321802679e-01 -5.891050931351720088e-01
-3.520270270270270174e+00 1.824074100087647726e-02 -3.183308295740121946e-02 -2.263775905446935854e-01 -5.899847593630800358e-01 1.731221696473268790e-02 -3.406896188536840536e-02 -2.230627332376602379e-01 -6.019890130584194532e-01
-3.371621621621621490e+00 1.071423320489412953e-02 -4.642647809549872023e-02 -2.312416786071381791e-01 -6.010367458356249415e-01 8.810557373947298584e-03 -4.788622501066430726e-02 -2.275975920624736804e-01 -6.154051222178517078e-01
-3.222972972972972805e+00 1.358656929742994152e-03 -5.860148954026377088e-02 -2.337484493883149883e-01 -6.182640453506095257e-01 -3.524614436753446042e-04 -6.289910500259325576e-02 -2.320073116658517842e-01 -6.293977530424363920e-01
-3.074324324324324120e+00 -8.267518836783994268e-03 -7.379854406362275354e-02 -2.368631717553704719e-01 -6.390066365512282465e-01 -1.024124517961736563e-02 -7.925423383793735177e-02 -2.361976277959092763e-01 -6.440173590847968477e-01
-2.925675675675675436e+00 -1.821105083393788696e-02 -9.070800625520235305e-02 -2.448813937167754473e-01 -6.577874854302002694e-01 -2.092123069004192884e-02 -9.716047031521157784e-02 -2.400206785930211473e-01 -6.593216936713496290e-01
-2.777027027027026751e+00 -2.875786880668401019e-02 -1.082072312557794541e-01 -2.504741465240045151e-01 -6.744219863230626055e-01 -3.246048028973017030e-02 -1.169369124723930869e-01 -2.432265772662060566e-01 -6.753772803516508993e-01
-2.628378378378378066e+00 -4.071187292284350612e-02 -1.272962321353992010e-01 -2.571552063024090673e-01 -6.862229073574711569e-01 -4.493168598780812595e-02 -1.391364597897032651e-01 -2.453392602453816629e-01 -6.922612649146250297e-01
-2.479729729729729382e+00 -5.347097224131144161e-02 -1.482629381670620972e-01 -2.664118259689426393e-01 -7.015226061990037509e-01 -5.841500320501968879e-02 -1.649720706690836758e-01 -2.452291136470961253e-01 -7.100637726065535116e-01
-2.331081081081080697e+00 -6.721540534908831965e-02 -1.709915194929763071e-01 -2.669771366986234962e-01 -7.174865266802556985e-01 -7.300245310730373027e-02 -1.993501502950315030e-01 -2.380772962998717324e-01 -7.288909436442649881e-01
-2.182432432432432456e+00 -8.145067604971373276e-02 -1.947181221906504334e-01 -2.701012423631305448e-01 -7.433344196951739979e-01 -8.880526693415573269e-02 -2.331207912522517689e-01 -2.331207912522519077e-01 -7.488688938845301513e-01
-2.033783783783783772e+00 -9.722114115141858304e-02 -2.204430760108266607e-01 -2.758949760229681969e-01 -7.606978253723243322e-01 -1.059669214360952488e-01 -2.483602411124441744e-01 -2.483602411124444520e-01 -7.701489601794050399e-01
-1.885135135135135087e+00 -1.136490979091829556e-01 -2.502384996735000366e-01 -2.784971721679484480e-01 -7.829046834414703504e-01 -1.246878895217075622e-01 -2.644551968592401825e-01 -2.644551968592403490e-01 -7.929147667068443539e-01
-1.736486486486485958e+00 -1.308936127678896333e-01 -2.826490744599604588e-01 -2.801366419160148391e-01 -8.146764852028796078e-01 -1.452769125006972972e-01 -2.813906325544176523e-01 -2.813906325544180409e-01 -8.173919344180332613e-01
-1.587837837837837718e+00 -1.494140730165172126e-01 -3.151732667254755760e-01 -2.834349189912497846e-01 -8.444938874867456979e-01 -1.682713463598550785e-01 -2.990569336634290032e-01 -2.990569336634290032e-01 -8.438617342299344903e-01
-1.439189189189188589e+00 -1.682929458856803340e-01 -3.376753169157353796e-01 -3.159855982401253982e-01 -8.386447560237643151e-01 -1.947812363094535149e-01 -3.170829163854007038e-01 -3.170829163854008703e-01 -8.726808176716004395e-01
-1.290540540540540349e+00 -1.888480964016466257e-01 -2.968800937957949415e-01 -3.875799226516338791e-01 -8.758235105893930061e-01 -2.279130208061633522e-01 -3.341309453389546547e-01 -3.341309453389549322e-01 -9.043106762238820595e-01
-1.141891891891891220e+00 -2.088803783095853350e-01 -2.853305066545779312e-01 -4.505025446778634923e-01 -9.322341753140405141e-01 -3.044877376917379252e-01 -3.044877376917380918e-01 -3.596074626296197896e-01 -9.393633937066071526e-01
-9.932432432432429792e-01 -2.314691903331008715e-01 -2.771835960632665352e-01 -5.041721355473944843e-01 -9.673765394060891420e-01 -2.981118537909069333e-01 -2.981118537909069888e-01 -4.505724280402143567e-01 -9.786762029824673803e-01
-8.445945945945947386e-01 -2.503673129108986428e-01 -2.633044895198067281e-01 -5.693832755668044587e-01 -1.038971195241845225e+00 -3.028916888790018080e-01 -3.028916888790019191e-01 -5.258065015124921970e-01 -1.023440418886463421e+00
-6.959459459459456099e-01 -2.706074494610396508e-01 -2.385522767526396803e-01 -6.538892533280655783e-01 -1.052225178074459144e+00 -3.066834445998842806e-01 -3.066834445998844472e-01 -6.105782437919325956e-01 -1.075441623804985314e+00
-5.472972972972973693e-01 -2.871141626088922205e-01 -2.092845944041034634e-01 -7.436385682553110499e-01 -1.061781131105319131e+00 -3.053580776332190938e-01 -3.053580776332191493e-01 -7.144011589429550835e-01 -1.137551050633403005e+00
-3.986486486486482406e-01 -2.230308852152208809e-01 -2.052947831702371384e-01 -8.594873916925243051e-01 -1.262772861507923672e+00 -2.917833518127485593e-01 -2.917833518127490033e-01 -8.531215553117510453e-01 -1.214848647457712705e+00
-2.500000000000000000e-01 6.810236752548826100e-04 -3.021470639175521944e-01 -1.009201925249486820e+00 -1.435203687087394098e+00 -2.459267573594442480e-01 -2.459267573594443590e-01 -1.068948364865764500e+00 -1.317142737271894459e+00
