-5.750000000000000000e+00 1.016337343600450943e-01 -3.917296611249766747e-02 -4.178872972020120091e-02 -4.259610307667447415e-01 1.056732798904629761e-01 6.729695072288940927e-02 -1.593084500144542892e-01 -4.485704616228786135e-01
-5.583333333333333037e+00 9.923993913395189048e-02 6.127644891448079389e-02 -1.504806094641479852e-01 -4.393175198406732429e-01 1.005237001707711963e-01 6.479665260712888508e-02 -1.634596567226498376e-01 -4.577469503003431806e-01
-5.416666666666666963e+00 9.521197480072322861e-02 6.212801031861910767e-02 -1.680972139667076259e-01 -4.566188544340287758e-01 9.509550765001834050e-02 6.180802332230968948e-02 -1.677209377601098783e-01 -4.672135491970634269e-01
-5.250000000000000000e+00 9.022093307261774831e-02 5.707242185039953369e-02 -1.738442681538209245e-01 -4.653271722841942903e-01 8.941383329141554259e-02 5.824687935719109061e-02 -1.720930028215743035e-01 -4.769863021016648164e-01
-5.083333333333333037e+00 8.434849703435794155e-02 4.932727915441147831e-02 -1.684591089501039918e-01 -4.757632672590924039e-01 8.351465523608150865e-02 5.401314567083346369e-02 -1.765758954356985155e-01 -4.870827268885257189e-01
-4.916666666666666963e+00 7.801006282743715159e-02 4.646906016548757457e-02 -1.774924093132490832e-01 -4.721356580748808929e-01 7.744022181621448842e-02 4.899485515591800455e-02 -1.811687785496073344e-01 -4.975220109756587350e-01
-4.750000000000000000e+00 7.179277108040602040e-02 4.327258815164004846e-02 -1.858429444003551478e-01 -4.975171518124061887e-01 7.122706078590264334e-02 4.307945459390638554e-02 -1.858696496992785774e-01 -5.083252405457364675e-01
-4.583333333333333925e+00 6.554253711604422772e-02 3.696550067371073139e-02 -1.897061829774293051e-01 -5.127069844766392048e-01 6.488816105454391081e-02 3.617079790198551165e-02 -1.906749581196709176e-01 -5.195156707056487466e-01
-4.416666666666666963e+00 5.904100267875729557e-02 2.836408048008060706e-02 -1.936700154324877687e-01 -5.270540035827145919e-01 5.839822591947511909e-02 2.820288026523412594e-02 -1.955790827768074946e-01 -5.311190455759534634e-01
-4.250000000000000000e+00 5.237819170305715866e-02 2.042832158999081243e-02 -1.987622770104899295e-01 -5.371557840297749298e-01 5.169218366542123466e-02 1.914005705442706554e-02 -2.005736089228806196e-01 -5.431639796542282461e-01
-4.083333333333333925e+00 4.557556067559113966e-02 1.014274135603719998e-02 -2.062596208427833477e-01 -5.496987519847560399e-01 4.467720190368263539e-02 8.963393741130084441e-03 -2.056463054563261172e-01 -5.556824148693647603e-01
-3.916666666666666963e+00 3.833344292588443392e-02 -7.716566807840392894e-04 -2.115483390887476500e-01 -5.658784018677632810e-01 3.724863624842425502e-02 -2.347454223252131312e-03 -2.107796447817225638e-01 -5.687101717923760402e-01
-3.750000000000000000e+00 3.058368277543805150e-02 -1.299088455703346912e-02 -2.158576307288812557e-01 -5.797174050581174187e-01 2.930141016888574562e-02 -1.482861067247517699e-02 -2.159485982363555656e-01 -5.822876188533224751e-01
-3.583333333333333481e+00 2.209445590024824990e-02 -2.593765487088675256e-02 -2.226103642730961618e-01 -5.917895569086062402e-01 2.073494865739681017e-02 -2.854121153730465599e-02 -2.211172349182077557e-01 -5.964604906468855550e-01
-3.416666666666666963e+00 1.310251541853418161e-02 -4.090665792654610278e-02 -2.272180125448604593e-01 -6.024725388755098887e-01 1.145370628866109949e-02 -4.357845222193445361e-02 -2.262332387939734735e-01 -6.112808962336220286e-01
-3.250000000000000000e+00 3.391428430153747842e-03 -5.649409301354204466e-02 -2.332102666693251780e-01 -6.163244882230703992e-01 1.365632117502503257e-03 -6.007460788140469438e-02 -2.312185612864002815e-01 -6.268085718513681792e-01
-3.083333333333333481e+00 -7.388218936419638228e-03 -7.287440877837728093e-02 -2.399792811607525111e-01 -6.413238516084243113e-01 -9.620070105617498785e-03 -7.822136250854655470e-02 -2.359522756631795559e-01 -6.431124512714971875e-01
-2.916666666666666963e+00 -1.868492811705381798e-02 -9.213393790493391855e-02 -2.451354959903818964e-01 -6.528491902885685816e-01 -2.159541459813764733e-02 -9.830176430189643821e-02 -2.402358461269682166e-01 -6.602726536488275899e-01
-2.750000000000000000e+00 -3.070630021082221967e-02 -1.117624870540735726e-01 -2.518615097117359314e-01 -6.710169018637890392e-01 -3.465642403246986525e-02 -1.207705883830207383e-01 -2.437120250202169658e-01 -6.783830269767099352e-01
-2.583333333333333481e+00 -4.462539997984850404e-02 -1.334212264797348946e-01 -2.568451808366337130e-01 -6.930295230377954141e-01 -4.890671977301894874e-02 -1.464901555509007802e-01 -2.456279567369207550e-01 -6.975544412984429066e-01
-2.416666666666666963e+00 -5.972481229299461680e-02 -1.574525471814400279e-01 -2.636015578738015730e-01 -7.114539282017413591e-01 -6.446286782120000391e-02 -1.777939353533873612e-01 -2.437693564656862044e-01 -7.179191096393069405e-01
-2.250000000000000000e+00 -7.516471682323536130e-02 -1.834557559253901793e-01 -2.656074293472978631e-01 -7.365662218475280687e-01 -8.146330472969059988e-02 -2.264710444410930057e-01 -2.264710444410930335e-01 -7.396363429875807416e-01
-2.083333333333333481e+00 -9.231383117721791987e-02 -2.116766346268129928e-01 -2.739474261694346824e-01 -7.452351983094332999e-01 -1.000845819227426658e-01 -2.431860242494166546e-01 -2.431860242494167101e-01 -7.629003476431847064e-01
-1.916666666666666963e+00 -1.102200608757963746e-01 -2.456247413521497058e-01 -2.763610242363990777e-01 -7.636395427001495539e-01 -1.205734062684208074e-01 -2.609694906297168049e-01 -2.609694906297171380e-01 -7.879510010921634278e-01
-1.750000000000000000e+00 -1.297065129652444360e-01 -2.778680310635666673e-01 -2.818867869511331725e-01 -8.109290055471054526e-01 -1.433163625449794254e-01 -2.798181084893540671e-01 -2.798181084893543447e-01 -8.150890939149546544e-01
-1.583333333333333925e+00 -1.504412799098283071e-01 -3.197715478743915485e-01 -2.843153587110371916e-01 -8.382179952860845384e-01 -1.690148949082005136e-01 -2.996009558024715358e-01 -2.996009558024717023e-01 -8.446984912597137463e-01
-1.416666666666666963e+00 -1.721721384818748479e-01 -3.605994563816821707e-01 -2.836019464592690054e-01 -8.766861877024257899e-01 -1.992416073871212945e-01 -3.197899732382944449e-01 -3.197899732382945559e-01 -8.772794423216521142e-01
-1.250000000000000000e+00 -1.951164596262103257e-01 -4.093182390013570537e-01 -2.887104231934745080e-01 -9.163470471055253919e-01 -2.393558362069180823e-01 -3.380144871664058637e-01 -3.380144871664061412e-01 -9.135007134992982891e-01
-1.083333333333333925e+00 -2.180099413175141665e-01 -4.661218167057922801e-01 -2.821646261739617634e-01 -9.562703041402350612e-01 -2.975295879315070224e-01 -2.975295879315070224e-01 -4.036028768910583375e-01 -9.542853701031392966e-01
-9.166666666666669627e-01 -2.416843393660489392e-01 -4.102326360820564566e-01 -3.880728496429700081e-01 -8.636619075644820231e-01 -3.004347886207106577e-01 -3.004347886207107687e-01 -4.887300801234439329e-01 -1.000961072719054101e+00
-7.500000000000000000e-01 -2.636884702888575571e-01 -2.910527938597513575e-01 -5.560212556379017235e-01 -1.055684848600862979e+00 -3.056618295763602333e-01 -3.056618295763605664e-01 -5.780903445521773376e-01 -1.055545373177724233e+00
-5.833333333333339255e-01 -2.844037391338964937e-01 -2.171313977629275582e-01 -6.972169844444491282e-01 -1.177092795999162167e+00 -3.064344739962421849e-01 -3.064344739962426845e-01 -6.868325888643139754e-01 -1.121346502857000438e+00
-4.166666666666669627e-01 -2.426715484848973314e-01 -1.967551867598850979e-01 -8.233125293031156033e-01 -1.290249321323529319e+00 -2.945148403536654302e-01 -2.945148403536654302e-01 -8.335205378751751049e-01 -1.204406431474426942e+00
-2.500000000000000000e-01 -1.174305389432450664e-02 -3.002980359762980056e-01 -9.895389410136437025e-01 -1.469534411647865246e+00 -2.459267573594442480e-01 -2.459267573594443590e-01 -1.068948364865764500e+00 -1.317142737271894459e+00
