-5.750000000000000000e+00 1.001380806995155470e-01 4.503009549813370704e-03 -4.274330638228899804e-01 -1.038859113320120264e-02 1.056732798904629761e-01 6.729695072288940927e-02 -1.593084500144542892e-01 -4.485704616228786135e-01
-5.592857142857142527e+00 1.003316867470517570e-01 6.655485095466938394e-02 -1.613167043263253053e-01 -4.513931124984198462e-01 1.008256506818463044e-01 6.495196101733764771e-02 -1.632194891043061702e-01 -4.572149099314370968e-01
-5.435714285714285943e+00 9.587069173255241550e-02 6.325901813278522745e-02 -1.655617591860025495e-01 -4.532207310883188400e-01 9.572927561266762753e-02 6.217683055156789790e-02 -1.672283353135508854e-01 -4.661164710330938377e-01
-5.278571428571428470e+00 9.100703392664497016e-02 5.931009977308365766e-02 -1.703227897580094352e-01 -4.629703142119239168e-01 9.040440133352882490e-02 5.890216388862973274e-02 -1.713356263164758087e-01 -4.752884915341078487e-01
-5.121428571428571885e+00 8.555285252175005850e-02 5.538506982296013958e-02 -1.772025976695912053e-01 -4.756299445048206564e-01 8.488003592409441855e-02 5.504586652282863340e-02 -1.755414905923601554e-01 -4.847454664206466979e-01
-4.964285714285714413e+00 7.985790188486024954e-02 5.118509945703417219e-02 -1.801015831038416670e-01 -4.891538955536237632e-01 7.919124915282566013e-02 5.051542453697639712e-02 -1.798453941851034521e-01 -4.945031813817023503e-01
-4.807142857142856940e+00 7.382345254594037398e-02 4.232527557258555784e-02 -1.845649127445987137e-01 -4.933825350709599711e-01 7.337141038688999028e-02 4.521517462301895274e-02 -1.842459407990845455e-01 -5.045788780681561558e-01
-4.650000000000000355e+00 6.791901419141868623e-02 3.991720734481681715e-02 -1.861231594465229677e-01 -5.104347059282288157e-01 6.743947700878977214e-02 3.905843137295190309e-02 -1.887406083517218780e-01 -5.149914468267506873e-01
-4.492857142857142883e+00 6.225489581883674600e-02 3.218230490480527423e-02 -1.919211221305853754e-01 -5.214622037089192697e-01 6.138711701554854655e-02 3.197965979606171016e-02 -1.933253976334561863e-01 -5.257616525150451414e-01
-4.335714285714285410e+00 5.585762718734356425e-02 2.451370153266157342e-02 -1.938053279699704923e-01 -5.333036994072211101e-01 5.517328276219189698e-02 2.393903536561780079e-02 -1.979943571939807856e-01 -5.369124003630285635e-01
-4.178571428571428825e+00 4.806631450833571267e-02 1.646294692939069201e-02 -1.985491494603966178e-01 -5.455871251268014088e-01 4.872958274887541352e-02 1.491598459833534500e-02 -2.027389302732852949e-01 -5.484690505915950087e-01
-4.021428571428571352e+00 4.111724584177232217e-02 6.197141249958158099e-03 -2.019789338259388167e-01 -5.522022799882079225e-01 4.197197505682221524e-02 4.896091131100374465e-03 -2.075470396237308057e-01 -5.604597927529377799e-01
-3.864285714285714324e+00 3.359306532512762455e-02 -3.301858304599520483e-03 -2.041858912874486842e-01 -5.662150679401215525e-01 3.481168004790326231e-02 -6.141674418249959584e-03 -2.124017751587478908e-01 -5.729160936962441886e-01
-3.707142857142857295e+00 2.710910924108730219e-02 -1.480613060241551052e-02 -2.234041834548252115e-01 -5.603479475934617371e-01 2.716165305713945724e-02 -1.823397815042978806e-02 -2.172794591354929583e-01 -5.858732369239982862e-01
-3.549999999999999822e+00 1.957204300578859954e-02 -2.981927166929754236e-02 -2.224248928849170970e-01 -5.851989604394258748e-01 1.893886540061099841e-02 -3.143905620945443985e-02 -2.221466954569843166e-01 -5.993709762280278186e-01
-3.392857142857142794e+00 1.146955642428919980e-02 -4.227976086130032229e-02 -2.269574301681677730e-01 -5.992693632946221038e-01 1.006407090138354728e-02 -4.584197925862990713e-02 -2.269556770818756397e-01 -6.134543333616752081e-01
-3.235714285714285765e+00 2.143056568042370907e-03 -5.745118358168023465e-02 -2.329504113543863220e-01 -6.067737875431034045e-01 4.604621460771217228e-04 -6.156210978438299980e-02 -2.316363177200992662e-01 -6.281745788114854179e-01
-3.078571428571428736e+00 -7.871438960045402250e-03 -7.335651212785292141e-02 -2.399216515312560805e-01 -6.354894867404206060e-01 -9.948044417935831413e-03 -7.876660617817284049e-02 -2.360821238234405151e-01 -6.435904474998040969e-01
-2.921428571428571708e+00 -1.835706042407632063e-02 -9.106122353183250528e-02 -2.441111480684632906e-01 -6.576221943924298596e-01 -2.123866623708178109e-02 -9.769765556840052934e-02 -2.401223939077626324e-01 -6.597696590037003261e-01
-2.764285714285714235e+00 -3.005389067955170634e-02 -1.093492765282625123e-01 -2.501564679089262611e-01 -6.758041132545001828e-01 -3.349184702225291993e-02 -1.187341456903817788e-01 -2.434599974814271595e-01 -6.767908369341649744e-01
-2.607142857142857206e+00 -4.293250105538438249e-02 -1.301572126744146574e-01 -2.571871261461250446e-01 -6.959465627247247710e-01 -4.679391612670718431e-02 -1.425603353227644365e-01 -2.455019150713034226e-01 -6.947459580834248749e-01
-2.450000000000000178e+00 -5.658040775524920962e-02 -1.521676872013336124e-01 -2.647646805688091964e-01 -7.060739060563513414e-01 -6.124094038124466843e-02 -1.708204415117125508e-01 -2.447030961728360876e-01 -7.137435145372563738e-01
-2.292857142857142705e+00 -7.092175621084062520e-02 -1.763753046254893098e-01 -2.682097126015063338e-01 -7.301416671775943223e-01 -7.694491206422619800e-02 -2.148696411075416979e-01 -2.298121334109779201e-01 -7.339126504856561262e-01
-2.135714285714285676e+00 -8.675936272364784263e-02 -2.022175308828833007e-01 -2.712729653483852421e-01 -7.565904783089549834e-01 -9.404449645053267193e-02 -2.378191062660919564e-01 -2.378191062660919841e-01 -7.554086555761099220e-01
-1.978571428571428648e+00 -1.034678582152943477e-01 -2.365720546375044142e-01 -2.695528768334741754e-01 -7.711489745466308943e-01 -1.127250509089007258e-01 -2.542381186265210702e-01 -2.542381186265212367e-01 -7.784203853722883037e-01
-1.821428571428571619e+00 -1.211810217416219027e-01 -2.652473831888918498e-01 -2.789351376243369707e-01 -7.971941970033152858e-01 -1.332590305957412902e-01 -2.716135427535119606e-01 -2.716135427535121827e-01 -8.031804852425111774e-01
-1.664285714285714590e+00 -1.398771451296879631e-01 -2.940341378084359025e-01 -2.830405895232563362e-01 -8.279507683611774249e-01 -1.560969710609429462e-01 -2.898935205203945764e-01 -2.898935205203947985e-01 -8.299798070697177454e-01
-1.507142857142857117e+00 -1.605901338438581738e-01 -3.236686363121479282e-01 -2.928124105679710820e-01 -8.576676717877598222e-01 -1.821095228586852022e-01 -3.088432688706655993e-01 -3.088432688706660989e-01 -8.591883044092463173e-01
-1.349999999999999645e+00 -1.815854722300512814e-01 -3.513664980529295212e-01 -3.083316018568776906e-01 -8.892228859913633432e-01 -2.134491285041419939e-01 -3.276219780987053576e-01 -3.276219780987056351e-01 -8.912863315724224300e-01
-1.192857142857143060e+00 -2.031454381681127574e-01 -2.926111821080407127e-01 -4.167765594090073189e-01 -8.994495103299653405e-01 -2.599733074272794209e-01 -3.415821299732838545e-01 -3.415821299732842986e-01 -9.269134388978790273e-01
-1.035714285714285587e+00 -2.245833035051779392e-01 -2.901285315638676421e-01 -4.809988088462148204e-01 -9.559036013890513939e-01 -2.973232162264131118e-01 -2.973232162264131118e-01 -4.291688133162932517e-01 -9.669482730645417856e-01
-8.785714285714290028e-01 -2.472348288545235806e-01 -2.843511447474896259e-01 -5.456824360240367655e-01 -9.828660265492910053e-01 -3.017387710092780950e-01 -3.017387710092783171e-01 -5.081035517823793146e-01 -1.012647657987656213e+00
-7.214285714285715301e-01 -2.689245355963233997e-01 -2.524452604246292253e-01 -5.841565955237628671e-01 -1.018001576775959816e+00 -3.062700343388483626e-01 -3.062700343388487512e-01 -5.949853556492029627e-01 -1.065908131056752417e+00
-5.642857142857140573e-01 -2.880961956769793053e-01 -2.213894021313414506e-01 -6.659822057788439276e-01 -1.085029514243677884e+00 -3.059414342465766601e-01 -3.059414342465767156e-01 -7.011782726465476401e-01 -1.129808761939049555e+00
-4.071428571428574728e-01 -2.990000078523026295e-01 -1.539688392986059418e-01 -7.702807553448941524e-01 -1.221188688936471811e+00 -2.931204174407478491e-01 -2.931204174407478491e-01 -8.437600990235893939e-01 -1.209882741078696533e+00
-2.500000000000000000e-01 -7.237914477605467134e-03 -2.928291715089975100e-01 -1.005273929249423048e+00 -1.400750281082590032e+00 -2.459267573594442480e-01 -2.459267573594443590e-01 -1.068948364865764500e+00 -1.317142737271894459e+00
