-5.750000000000000000e+00 1.000348674273063565e-01 1.406123298280118408e-02 -4.207974513097159641e-01 -9.981159499016360737e-02 1.056732798904629761e-01 6.729695072288940927e-02 -1.593084500144542892e-01 -4.485704616228786135e-01
-5.572580645161290036e+00 9.817786708464351642e-02 6.641018279573973615e-02 -1.630247255162933784e-01 -4.183401029472053612e-01 1.001816915234186312e-01 6.461939225644543205e-02 -1.637312458678966409e-01 -4.583487792955384110e-01
-5.395161290322580960e+00 9.425075751601971752e-02 6.301470767002287365e-02 -1.677197325646695714e-01 -4.628530120328370190e-01 9.437597164613457934e-02 6.138265489957863558e-02 -1.682788417753208754e-01 -4.684569912158071947e-01
-5.217741935483870996e+00 8.850056497254531196e-02 5.703454854693644493e-02 -1.734528362273137780e-01 -4.693915971166208734e-01 8.828775753233533696e-02 5.748329462277843027e-02 -1.729520221863698470e-01 -4.789146172349160180e-01
-5.040322580645161032e+00 8.247926451043166574e-02 5.282820749680888772e-02 -1.779915140782923344e-01 -4.784478231705265872e-01 8.196214195620728227e-02 5.279784274535295752e-02 -1.777506832098795231e-01 -4.897431011611796947e-01
-4.862903225806451957e+00 7.563226170280017147e-02 4.860687023984991417e-02 -1.822886483125844004e-01 -4.939496387658683374e-01 7.544985695558822925e-02 4.718981057318043237e-02 -1.826735252425771561e-01 -5.009660850380885933e-01
-4.685483870967741993e+00 6.925626239008371432e-02 4.145954535273304459e-02 -1.920536237308907990e-01 -5.002342095467502414e-01 6.878865851397120146e-02 4.052732848746945504e-02 -1.877176360476669470e-01 -5.126097344694482416e-01
-4.508064516129032029e+00 6.254996553630867706e-02 3.334914314218474785e-02 -1.930373165603207208e-01 -5.166512088587807972e-01 6.197899060943991983e-02 3.270628546687661536e-02 -1.928779172476198511e-01 -5.247031267064592441e-01
-4.330645161290322065e+00 5.565587783948582751e-02 2.178186068548751755e-02 -1.985554402950183983e-01 -5.223113534535546165e-01 5.496943294712103301e-02 2.366338209151537877e-02 -1.981462821097124682e-01 -5.372787164212078359e-01
-4.153225806451612989e+00 4.849161354591378925e-02 1.443923109080132508e-02 -2.056649619474519852e-01 -5.450136502576872211e-01 4.766319136611473634e-02 1.336771100411097979e-02 -2.035105106918931595e-01 -5.503728983306162004e-01
-3.975806451612903025e+00 4.083003492088083108e-02 2.449220039598156567e-03 -2.071289918378559913e-01 -5.595626825763545531e-01 3.993858667305381221e-02 1.797706161645943419e-03 -2.089525759524926418e-01 -5.640266914880466276e-01
-3.798387096774193505e+00 3.257218271944602866e-02 -9.080408204387211898e-03 -2.194711238424242039e-01 -5.721526097828171231e-01 3.166810754862153104e-02 -1.108144373982879530e-02 -2.144461229270284430e-01 -5.782865776745379494e-01
-3.620967741935483986e+00 2.330518981429808081e-02 -2.248893547306681298e-02 -2.235080110658461960e-01 -5.830731427223885266e-01 2.272844649662190269e-02 -2.533293382005725666e-02 -2.199525310029102343e-01 -5.932055366922637241e-01
-3.443548387096774022e+00 1.465728541679026456e-02 -3.831563672263940679e-02 -2.241660590284916821e-01 -5.981871517262842275e-01 1.300287062516634028e-02 -4.105850721385248536e-02 -2.254144729964331073e-01 -6.088443356578020493e-01
-3.266129032258064502e+00 4.162387954766231385e-03 -5.448347635356420859e-02 -2.325899212018046613e-01 -6.095725567575156489e-01 2.379675897986719205e-03 -5.840967487618442533e-02 -2.307447368206023419e-01 -6.252731493600077739e-01
-3.088709677419354538e+00 -6.779972912171954719e-03 -7.242395610202859157e-02 -2.379095349028204354e-01 -6.363323593601714068e-01 -9.250747053962239327e-03 -7.760764876322363837e-02 -2.358052432752903993e-01 -6.425736170494069643e-01
-2.911290322580645018e+00 -1.935568542187699609e-02 -9.178729873013528884e-02 -2.471489607471324401e-01 -6.430999308076102983e-01 -2.199925969047077795e-02 -9.898613829575433898e-02 -2.403631719169581071e-01 -6.608414818041890015e-01
-2.733870967741935498e+00 -3.269295195142876004e-02 -1.143658766210952915e-01 -2.510889776232618775e-01 -6.769696048673377042e-01 -3.598176495359522303e-02 -1.230977859414403019e-01 -2.439835078143384461e-01 -6.801900184607473365e-01
-2.556451612903225534e+00 -4.690938690508365122e-02 -1.380317881038059802e-01 -2.576848861906472221e-01 -6.954483734251193372e-01 -5.132415011798362181e-02 -1.510534427867999130e-01 -2.456882639209096442e-01 -7.007545457597113003e-01
-2.379032258064516014e+00 -6.314652049096614039e-02 -1.627610465945705243e-01 -2.692432959119015479e-01 -6.977974488791229835e-01 -6.816988627329734207e-02 -1.863989501733986365e-01 -2.420764470403939661e-01 -7.226984559119922213e-01
-2.201612903225806051e+00 -8.025728168053737621e-02 -1.925071718979209923e-01 -2.691648564717301628e-01 -7.347931398607673303e-01 -8.669329854264602730e-02 -2.312157624220042007e-01 -2.312157624220043950e-01 -7.462214115920541291e-01
-2.024193548387096531e+00 -9.889702455112364676e-02 -2.252575010247208909e-01 -2.749755044033020956e-01 -7.516445086001349862e-01 -1.071250801261601077e-01 -2.493727016636086979e-01 -2.493727016636086979e-01 -7.715707128591399178e-01
-1.846774193548387011e+00 -1.179312497637774598e-01 -2.577534244754512982e-01 -2.796430625953577609e-01 -7.872929757842469511e-01 -1.298062301678494235e-01 -2.687472229536656543e-01 -2.687472229536658763e-01 -7.990574305583343362e-01
-1.669354838709677047e+00 -1.395226794579881857e-01 -2.963958346358640528e-01 -2.917115582281770148e-01 -7.736107511303855766e-01 -1.553172092476975963e-01 -2.892913001918133720e-01 -2.892913001918134275e-01 -8.290799464654350359e-01
-1.491935483870967971e+00 -1.616467771660072272e-01 -3.330773834087942809e-01 -2.953311034792344691e-01 -8.285543347229260558e-01 -1.848540864172877329e-01 -3.106916775057124713e-01 -3.106916775057126934e-01 -8.621594654332618290e-01
-1.314516129032258007e+00 -1.863050398498208859e-01 -3.769685972129401819e-01 -2.967233473522056797e-01 -8.851896498190683360e-01 -2.218182972990241086e-01 -3.315888322194929239e-01 -3.315888322194931459e-01 -8.989958236643590395e-01
-1.137096774193548043e+00 -2.102398218586821743e-01 -3.653612962600221170e-01 -3.470462754897100099e-01 -9.292498848757937413e-01 -3.028528101690424745e-01 -3.028528101690426411e-01 -3.653059958792439499e-01 -9.405597716003906150e-01
-9.596774193548380794e-01 -2.355970670892476027e-01 -2.767623794790861069e-01 -5.047770513191255359e-01 -9.884244434133280244e-01 -2.990435621092245588e-01 -2.990435621092246699e-01 -4.672494627288352187e-01 -9.882557193527081729e-01
-7.822580645161290036e-01 -2.625109275568099365e-01 -2.607218575634347446e-01 -5.916278932456580097e-01 -1.023837270708179092e+00 -3.048250830273548928e-01 -3.048250830273548928e-01 -5.596834606383398469e-01 -1.044233578911469396e+00
-6.048387096774190397e-01 -2.823913212105447768e-01 -2.182975682771368664e-01 -6.968790538400033707e-01 -1.121493053737207646e+00 -3.068073541129969772e-01 -3.068073541129971993e-01 -6.711997443516325434e-01 -1.112055125379305398e+00
-4.274193548387090758e-01 -2.829833358974803148e-01 -1.615621641818885679e-01 -8.264600809131428250e-01 -1.255129380343571466e+00 -2.959644501527521343e-01 -2.959644501527523008e-01 -8.222685221758549989e-01 -1.198335801449576188e+00
-2.500000000000000000e-01 -2.669802584355354669e-02 -2.657625013420903404e-01 -9.469785391317966372e-01 -1.378089450501406743e+00 -2.459267573594442480e-01 -2.459267573594443590e-01 -1.068948364865764500e+00 -1.317142737271894459e+00
