-5.750000000000000000e+00 1.044630906232722478e-01 5.669849772967095608e-02 -1.529815278107524712e-01 -4.074021069036388720e-01 1.056732798904629761e-01 6.729695072288940927e-02 -1.593084500144542892e-01 -4.485704616228786135e-01
-5.608974358974358587e+00 1.011327330337361413e-01 6.419318431536999436e-02 -1.632391711067487927e-01 -4.349400840347413810e-01 1.013345546718883300e-01 6.521120709864869358e-02 -1.628138701844102920e-01 -4.563166831590173000e-01
-5.467948717948718063e+00 9.681562961358404495e-02 6.287299809912051674e-02 -1.604479598542673802e-01 -4.559150995963733854e-01 9.679411003072903308e-02 6.278435229451180544e-02 -1.663979964034223991e-01 -4.642689136135094707e-01
-5.326923076923076650e+00 9.261829083347584979e-02 6.006339057304743018e-02 -1.654428233195456011e-01 -4.674275526869647868e-01 9.206557934539327803e-02 5.996764871563032423e-02 -1.700613400467184400e-01 -4.724366781430734408e-01
-5.185897435897436125e+00 8.745036933539675206e-02 5.729594972381766432e-02 -1.722152972844621099e-01 -4.737698317831060546e-01 8.716840068641425188e-02 5.670405209132373114e-02 -1.738041002750653763e-01 -4.808302290931246725e-01
-5.044871794871794712e+00 8.261071524417989975e-02 5.398417579081461054e-02 -1.762727598405624263e-01 -4.860263227685636678e-01 8.212687878800192798e-02 5.292891453988320810e-02 -1.776260808398241464e-01 -4.894606257054432419e-01
-4.903846153846154188e+00 7.750124905119520902e-02 4.928704979025937127e-02 -1.802947004416406429e-01 -4.890628962630372278e-01 7.696685379653357695e-02 4.857304599848573379e-02 -1.815265847653740605e-01 -4.983398251520506639e-01
-4.762820512820512775e+00 7.217119788287028326e-02 4.405931888870032870e-02 -1.850411103322916195e-01 -4.960056099676167785e-01 7.170941640106602566e-02 4.356868602170822780e-02 -1.855042799928650343e-01 -5.074807868652599918e-01
-4.621794871794872250e+00 6.653370074391946887e-02 3.915996317795383819e-02 -1.890548660878049181e-01 -5.077805146750021814e-01 6.636278404133602593e-02 3.785725999271543490e-02 -1.895570264529377325e-01 -5.168975925396099846e-01
-4.480769230769230838e+00 6.070018013176702032e-02 3.262726183642102040e-02 -1.937384265220077340e-01 -5.195499515774348875e-01 6.091559276607542289e-02 3.139564978540250462e-02 -1.936816512169547699e-01 -5.266055846841037891e-01
-4.339743589743589425e+00 5.535434494350595369e-02 2.442869030464966604e-02 -1.975308074907347611e-01 -5.297639188856232417e-01 5.533514742647310802e-02 2.415741473315985433e-02 -1.978736526891094749e-01 -5.366215272295066230e-01
-4.198717948717948900e+00 4.972423987782105537e-02 1.481673422913349150e-02 -1.963945375577576535e-01 -5.404874941007155043e-01 4.957138986671501962e-02 1.612817263734319176e-02 -2.021268061329799526e-01 -5.469637924801784568e-01
-4.057692307692307487e+00 4.419305775043519402e-02 2.269779440589106412e-03 -2.037993482202614948e-01 -5.107707061911378466e-01 4.356392931874693980e-02 7.297751844799164542e-03 -2.064326292638460347e-01 -5.576525796893645470e-01
-3.916666666666666963e+00 3.830518670240839335e-02 -4.120664758409900430e-03 -2.048793346912804458e-01 -5.375589683962928023e-01 3.724863624842425502e-02 -2.347454223252131312e-03 -2.107796447817225638e-01 -5.687101717923760402e-01
-3.775641025641025550e+00 3.176692498633595929e-02 -1.309660694131301040e-02 -2.102620522031729833e-01 -5.724414182825314779e-01 3.056191019510496806e-02 -1.283014539447089285e-02 -2.151523402804917107e-01 -5.801612384365303354e-01
-3.634615384615384581e+00 2.482760508247417244e-02 -2.191715129281508051e-02 -2.195814325229528130e-01 -5.854032840693461637e-01 2.344256468116545297e-02 -2.418589815927841072e-02 -2.195296627817892587e-01 -5.920331955123401269e-01
-3.493589743589743613e+00 1.736588411805385992e-02 -3.489166800745195640e-02 -2.245632866906116520e-01 -5.989911701081878093e-01 1.583209773080682808e-02 -3.646612814908566785e-02 -2.238827704301526444e-01 -6.043566340713879548e-01
-3.352564102564102644e+00 9.173125001880277907e-03 -4.739628105559331311e-02 -2.294885639757170692e-01 -6.121582871444671836e-01 7.674122591524077351e-03 -4.974151361468357596e-02 -2.281715439983560967e-01 -6.171658350263888870e-01
-3.211538461538461675e+00 5.877927989938191988e-04 -6.140684088640221971e-02 -2.331181330911653582e-01 -6.274266943719261080e-01 -1.086546413479276291e-03 -6.410733483189323678e-02 -2.323389108334346920e-01 -6.304993906679343674e-01
-3.070512820512820706e+00 -8.808484138511218225e-03 -7.867430549714723997e-02 -2.385862154740671093e-01 -6.393773476471282802e-01 -1.050492378440920187e-02 -7.969292038280052781e-02 -2.363010355154981645e-01 -6.444009602274902715e-01
-2.929487179487179738e+00 -1.778848228926433947e-02 -9.010108017884679854e-02 -2.468768294021894683e-01 -6.255247923787180531e-01 -2.063694963606271110e-02 -9.667966912657546819e-02 -2.399289779934373756e-01 -6.589201950826127918e-01
-2.788461538461538325e+00 -2.832847918624128991e-02 -1.065853868128441850e-01 -2.486763608159710814e-01 -6.666707925590371620e-01 -3.154072203248405037e-02 -1.153389092590101778e-01 -2.430105160585076807e-01 -6.741138806410064133e-01
-2.647435897435897356e+00 -3.960563645361559609e-02 -1.261215786858195798e-01 -2.562816808701235405e-01 -6.856959472090599084e-01 -4.327803089184183161e-02 -1.361242785609731720e-01 -2.451573173346957846e-01 -6.900473577998659236e-01
-2.506410256410256387e+00 -5.124603942540223445e-02 -1.458472145524519203e-01 -2.612023281973776534e-01 -6.934051279351542973e-01 -5.591648116637924770e-02 -1.599612703105364742e-01 -2.455145754138333691e-01 -7.067963092000540959e-01
-2.365384615384615419e+00 -6.413706113127261299e-02 -1.676244071864682050e-01 -2.692911571255263703e-01 -7.096024655470516418e-01 -6.953269583785269548e-02 -1.897891488730289455e-01 -2.412174783273620116e-01 -7.244490274497836779e-01
-2.224358974358974450e+00 -7.765161858395100425e-02 -1.909080175402184942e-01 -2.655526441404930660e-01 -7.306246080854442715e-01 -8.421747503944218560e-02 -2.289744765550686123e-01 -2.289744765550687511e-01 -7.431093291058366024e-01
-2.083333333333333481e+00 -9.290836042148860330e-02 -2.127235718017676525e-01 -2.709805803673789315e-01 -7.588747468145523589e-01 -1.000845819227426658e-01 -2.431860242494166546e-01 -2.431860242494167101e-01 -7.629003476431847064e-01
-1.942307692307692513e+00 -1.089894173449767467e-01 -2.394973003061714456e-01 -2.709625818561673394e-01 -7.752078080912181424e-01 -1.172865974725008503e-01 -2.581632898833102208e-01 -2.581632898833102208e-01 -7.839695445689121023e-01
-1.801282051282051100e+00 -1.232335185008579248e-01 -2.673538172630818832e-01 -2.784306337417629673e-01 -8.051386865862533160e-01 -1.360456495179539205e-01 -2.739089422584005673e-01 -2.739089422584006228e-01 -8.064954437543814247e-01
-1.660256410256410575e+00 -1.421250981445899009e-01 -2.995110958398512491e-01 -2.924767770933376365e-01 -7.985646750569516117e-01 -1.567190744196663710e-01 -2.903727350668701690e-01 -2.903727350668701690e-01 -8.306968618374002133e-01
-1.519230769230769162e+00 -1.594079923783634223e-01 -3.364272069187149716e-01 -2.855099358181238389e-01 -8.098623568595932909e-01 -1.799614797560004642e-01 -3.073738922347439284e-01 -3.073738922347443170e-01 -8.568458545867083664e-01
-1.378205128205128638e+00 -1.775805345589122619e-01 -3.728891285352797791e-01 -2.787508355926027193e-01 -8.850912105317791934e-01 -2.072315772765478681e-01 -3.243522891677904085e-01 -3.243522891677904640e-01 -8.852863746992593041e-01
-1.237179487179487225e+00 -1.969236348175305573e-01 -4.080075661339469528e-01 -2.930438862065158911e-01 -9.034363031391698939e-01 -2.433842001481547057e-01 -3.390787293642067435e-01 -3.390787293642069655e-01 -9.164620426801065589e-01
-1.096153846153845812e+00 -2.162018343041133550e-01 -4.542345583436075418e-01 -2.889732580206645363e-01 -9.462651804713078096e-01 -2.979756501795046697e-01 -2.979756501795048917e-01 -3.960463213282553463e-01 -9.509591152168959116e-01
-9.551282051282052876e-01 -2.382873959737779046e-01 -2.657599389590898364e-01 -5.212823326578936989e-01 -9.909879949409052813e-01 -2.991827791985678386e-01 -2.991827791985679497e-01 -4.695101452797988406e-01 -9.895761678727643673e-01
-8.141025641025638748e-01 -2.550707194078034590e-01 -2.548017319456644669e-01 -5.867844213519408658e-01 -1.036954049780305587e+00 -3.038782780776224102e-01 -3.038782780776227432e-01 -5.421249229428610761e-01 -1.033443811088456066e+00
-6.730769230769233502e-01 -2.447033291748651196e-01 -2.623007164917461331e-01 -6.564557250794602616e-01 -1.114707922009696706e+00 -3.069324175865635329e-01 -3.069324175865638660e-01 -6.250356465432730380e-01 -1.084245623613409482e+00
-5.320512820512819374e-01 -1.949012220468594458e-01 -2.886121554218628038e-01 -7.505464967790007602e-01 -1.196404183889901107e+00 -3.047075977046609374e-01 -3.047075977046611039e-01 -7.266370448693453277e-01 -1.144663749170144573e+00
-3.910256410256414128e-01 -1.258095948596822111e-01 -3.071867624829672239e-01 -8.700435739388194811e-01 -1.237067030881546126e+00 -2.905039399103297448e-01 -2.905039399103298003e-01 -8.617159567565042533e-01 -1.219372851452743989e+00
-2.500000000000000000e-01 4.868488845497148665e-03 -2.983465509017493300e-01 -1.007651943465585953e+00 -1.284094246114617421e+00 -2.459267573594442480e-01 -2.459267573594443590e-01 -1.068948364865764500e+00 -1.317142737271894459e+00
